0.00018537;0.05700000;209.00000000
0.00578182;0.49500000;213.00000000
0.01172178;0.95000000;215.00000000
0.01748387;1.38700000;218.00000000
0.02338655;1.83000000;221.00000000
0.02928884;2.26500000;224.00000000
0.03546352;2.71500000;227.00000000
0.04157023;3.15500000;230.00000000
0.04791564;3.60700000;232.00000000
0.05433004;4.05700000;235.00000000
0.06060730;4.49700000;237.00000000
0.06667985;4.91700000;239.00000000
0.07319658;5.36200000;241.00000000
0.07964400;5.80000000;243.00000000
0.08619415;6.24200000;245.00000000
0.09271025;6.67700000;247.00000000
0.09915844;7.10700000;249.00000000
0.10591340;7.55200000;250.00000000
0.11249780;7.98500000;252.00000000
0.11901390;8.41000000;253.00000000
0.12553000;8.83000000;255.00000000
0.13255800;9.28200000;257.00000000
0.13924500;9.71000000;258.00000000
0.14610130;10.14500000;260.00000000
0.15299480;10.58200000;256.00000000
0.15937620;11.01500000;230.00000000
0.16510470;11.45000000;204.00000000
0.17022170;11.89000000;179.00000000
0.17458970;12.32000000;156.00000000
0.17847860;12.75500000;137.00000000
0.18189000;13.19000000;121.00000000
0.18496050;13.62700000;109.00000000
0.18782620;14.06200000;104.00000000
0.19065740;14.49700000;108.00000000
0.19362600;14.93500000;112.00000000
0.19669650;15.36700000;121.00000000
0.20003960;15.81000000;129.00000000
0.20358800;16.24700000;133.00000000
0.20716940;16.68000000;135.00000000
0.21082070;17.11500000;140.00000000
0.21457310;17.54700000;144.00000000
0.21846220;17.98200000;149.00000000
0.22238570;18.40700000;154.00000000
0.22654830;18.84500000;160.00000000
0.23081230;19.27500000;165.00000000
0.23531550;19.71500000;168.00000000
0.23981890;20.15700000;168.00000000
0.24435630;20.60000000;166.00000000
0.24879140;21.04500000;163.00000000
0.25309010;21.47700000;161.00000000
0.25735460;21.90700000;163.00000000
0.26161910;22.34000000;164.00000000
0.26595180;22.77200000;166.00000000
0.27038680;23.20500000;170.00000000
0.27489030;23.63700000;173.00000000
0.27946180;24.06700000;176.00000000
0.28427220;24.51000000;180.00000000
0.28915080;24.95200000;183.00000000
0.29406370;25.39000000;187.00000000
0.29907790;25.82500000;191.00000000
0.30419640;26.26200000;194.00000000
0.30938210;26.69700000;198.00000000
0.31476750;27.14000000;201.00000000
0.32006180;27.57000000;205.00000000
0.32558670;28.01000000;208.00000000
0.33111360;28.44200000;211.00000000
0.33670860;28.87700000;214.00000000
0.34237160;29.31000000;216.00000000
0.34820600;29.75000000;219.00000000
0.35410700;30.20000000;205.00000000
0.35919250;30.63500000;179.00000000
0.36342240;31.04700000;157.00000000
0.36731080;31.48500000;137.00000000
0.37075640;31.92000000;121.00000000
0.37386050;32.35500000;111.00000000
0.37682910;32.79500000;108.00000000
0.37969500;33.22200000;108.00000000
0.38259490;33.65700000;108.00000000
0.38552860;34.09000000;112.00000000
0.38870110;34.54200000;114.00000000
0.39221580;35.03200000;122.00000000
0.39559290;35.47000000;130.00000000
0.39910680;35.90200000;137.00000000
0.40279140;36.33500000;143.00000000
0.40668050;36.77000000;149.00000000
0.41077460;37.21000000;155.00000000
0.41493660;37.64200000;161.00000000
0.41930350;38.08000000;167.00000000
0.42377250;38.51200000;172.00000000
0.42837920;38.94700000;178.00000000
0.43311090;39.38000000;182.00000000
0.43806870;39.82000000;187.00000000
0.44284860;40.25200000;170.00000000
0.44703980;40.68700000;148.00000000
0.45068970;41.12200000;127.00000000
0.45379570;41.55500000;109.00000000
0.45655850;41.99000000;98.00000000
0.45908300;42.42000000;91.00000000
0.46147100;42.85200000;89.00000000
0.46389200;43.28200000;89.00000000
0.46631560;43.71500000;91.00000000
0.46877090;44.13200000;95.00000000
0.47146730;44.57700000;103.00000000
0.47419610;44.99500000;109.00000000
0.47726540;45.43500000;119.00000000
0.48054210;45.87200000;128.00000000
0.48408980;46.31000000;137.00000000
0.48784240;46.74700000;145.00000000
0.49176160;47.18000000;152.00000000
0.49592530;47.62000000;160.00000000
0.50019160;48.04700000;166.00000000
0.50469540;48.48500000;173.00000000
0.50933840;48.92000000;178.00000000
0.51411210;49.35500000;182.00000000
0.51899140;49.79000000;187.00000000
0.52404000;50.22500000;192.00000000
0.52919230;50.66200000;196.00000000
0.53441170;51.09700000;195.00000000
0.53925560;51.53000000;170.00000000
0.54355410;51.97200000;148.00000000
0.54720460;52.40200000;132.00000000
0.55058190;52.83700000;120.00000000
0.55375500;53.27500000;116.00000000
0.55689330;53.71200000;117.00000000
0.56006590;54.14700000;121.00000000
0.56337620;54.58700000;123.00000000
0.56668470;55.02700000;125.00000000
0.57009610;55.46200000;132.00000000
0.57364440;55.89700000;137.00000000
0.57726070;56.33000000;141.00000000
0.58101340;56.76000000;147.00000000
0.58497100;57.19200000;152.00000000
0.58906480;57.62500000;158.00000000
0.59325970;58.05700000;163.00000000
0.59762630;58.49000000;168.00000000
0.60209700;58.92000000;173.00000000
0.60673900;59.35700000;177.00000000
0.61147930;59.79200000;181.00000000
0.61618700;60.22500000;172.00000000
0.62062220;60.66000000;163.00000000
0.62488660;61.09200000;160.00000000
0.62904900;61.53000000;153.00000000
0.63317690;61.97700000;152.00000000
0.63720270;62.41700000;150.00000000
0.64116010;62.85500000;151.00000000
0.64525400;63.29000000;157.00000000
0.64945030;63.72000000;163.00000000
0.65391930;64.16200000;169.00000000
0.65835470;64.58700000;174.00000000
0.66326730;65.04500000;178.00000000
0.66814580;65.48700000;184.00000000
0.67302450;65.91700000;188.00000000
0.67800360;66.34700000;193.00000000
0.68315300;66.78000000;197.00000000
0.68847920;67.22000000;202.00000000
0.69390340;67.65700000;206.00000000
0.69943020;68.09500000;209.00000000
0.70567360;68.58000000;213.00000000
0.71133690;69.01500000;216.00000000
0.71734120;69.47000000;219.00000000
0.72327770;69.91000000;222.00000000
0.72897570;70.33200000;216.00000000
0.73436780;70.77000000;190.00000000
0.73910900;71.21000000;165.00000000
0.74309970;71.63700000;141.00000000
0.74664660;72.08500000;118.00000000
0.74954690;72.52200000;100.00000000
0.75207200;72.96500000;86.00000000
0.75425640;73.40000000;76.00000000
0.75623380;73.82700000;70.00000000
0.75804210;74.25500000;66.00000000
0.75984950;74.68500000;66.00000000
0.76172580;75.11700000;72.00000000
0.76373770;75.54500000;79.00000000
0.76606020;75.99500000;88.00000000
0.76851620;76.43500000;94.00000000
0.77120950;76.87500000;106.00000000
0.77411020;77.31200000;114.00000000
0.77731750;77.75000000;123.00000000
0.78079620;78.19200000;131.00000000
0.78437940;78.63000000;135.00000000
0.78802750;79.07000000;136.00000000
0.79174890;79.51200000;141.00000000
0.79556920;79.94700000;148.00000000
0.79922120;80.38000000;128.00000000
0.80242720;80.81700000;114.00000000
0.80539450;81.25700000;108.00000000
0.80829480;81.69700000;106.00000000
0.81116010;82.13500000;105.00000000
0.81402580;82.57700000;106.00000000
0.81692590;83.01500000;109.00000000
0.81989380;83.45700000;111.00000000
0.82279360;83.89000000;111.00000000
0.82576200;84.32500000;113.00000000
0.82886620;84.76200000;120.00000000
0.83217560;85.19700000;128.00000000
0.83562150;85.62500000;135.00000000
0.83944240;86.07500000;141.00000000
0.84319340;86.50000000;148.00000000
0.84735570;86.95000000;155.00000000
0.85151900;87.38200000;162.00000000
0.85588810;87.82000000;160.00000000
0.85984550;88.26000000;138.00000000
0.86328980;88.69200000;122.00000000
0.86642800;89.13000000;111.00000000
0.86932880;89.57200000;105.00000000
0.87219280;90.01200000;105.00000000
0.87506070;90.45200000;109.00000000
0.87795740;90.88000000;115.00000000
0.88130460;91.33200000;126.00000000
0.88478240;91.77000000;133.00000000
0.88805750;92.21500000;111.00000000
0.89082190;92.66000000;94.00000000
0.89317570;93.09700000;80.00000000
0.89522180;93.53500000;71.00000000
0.89716770;93.97500000;68.00000000
0.89910710;94.41500000;71.00000000
0.90108650;94.84700000;80.00000000
0.90337710;95.28000000;92.00000000
0.90586530;95.72200000;87.00000000
0.90825330;96.16200000;90.00000000
0.91074300;96.60500000;93.00000000
0.91326870;97.03700000;100.00000000
0.91610000;97.48000000;110.00000000
0.91923840;97.92200000;120.00000000
0.92254820;98.35700000;129.00000000
0.92609570;98.79500000;135.00000000
0.92974640;99.22500000;141.00000000
0.93363560;99.66700000;148.00000000
0.93772940;100.11000000;154.00000000
0.94185760;100.54500000;157.00000000
0.94608780;100.98500000;160.00000000
0.95055720;101.43500000;166.00000000
0.95516280;101.88500000;171.00000000
0.95987090;102.32700000;177.00000000
0.96457900;102.76200000;180.00000000
0.96949170;103.20500000;184.00000000
0.97447260;103.64500000;188.00000000
0.97941940;104.07200000;192.00000000
0.98467310;104.51500000;197.00000000
0.98992650;104.95000000;201.00000000
0.99518230;105.37500000;205.00000000
