0.00028648;0.14000000;215.00000000
0.00694431;0.60000000;220.00000000
0.01216540;1.03200000;223.00000000
0.01912126;1.46500000;228.00000000
0.02475121;1.89700000;231.00000000
0.03041456;2.33000000;235.00000000
0.03747609;2.76000000;238.00000000
0.04324191;3.18500000;241.00000000
0.04917805;3.61700000;244.00000000
0.05511476;4.04700000;246.00000000
0.06275660;4.48000000;249.00000000
0.06886338;4.91000000;252.00000000
0.07514084;5.35000000;254.00000000
0.08278219;5.78000000;257.00000000
0.08906000;6.21200000;259.00000000
0.09540562;6.64500000;261.00000000
0.10332070;7.08000000;264.00000000
0.10966620;7.52200000;266.00000000
0.11788800;7.96500000;268.00000000
0.12423370;8.38500000;270.00000000
0.13092040;8.82200000;272.00000000
0.13917680;9.25700000;274.00000000
0.14589680;9.68500000;259.00000000
0.15176630;10.12700000;239.00000000
0.15872670;10.59000000;211.00000000
0.16363990;11.03200000;192.00000000
0.16892570;11.47000000;168.00000000
0.17281490;11.90200000;151.00000000
0.17632960;12.33200000;137.00000000
0.18025240;12.76500000;119.00000000
0.18298200;13.19000000;108.00000000
0.18560860;13.62500000;101.00000000
0.18864500;14.06200000;97.00000000
0.19116920;14.50000000;104.00000000
0.19369420;14.94700000;107.00000000
0.19714020;15.37500000;119.00000000
0.20017620;15.81000000;128.00000000
0.20403130;16.25700000;123.00000000
0.20710120;16.69500000;124.00000000
0.21024060;17.12700000;130.00000000
0.21430020;17.56500000;137.00000000
0.21764340;18.00000000;135.00000000
0.22102040;18.43700000;142.00000000
0.22542300;18.87700000;151.00000000
0.22920880;19.31000000;157.00000000
0.23306370;19.75000000;157.00000000
0.23773770;20.19000000;152.00000000
0.24149070;20.62700000;152.00000000
0.24606220;21.06200000;149.00000000
0.24974680;21.50500000;147.00000000
0.25319240;21.95200000;146.00000000
0.25776400;22.38700000;146.00000000
0.26124380;22.82200000;150.00000000
0.26581540;23.25700000;150.00000000
0.26953380;23.69200000;154.00000000
0.27332110;24.12200000;158.00000000
0.27816540;24.55700000;161.00000000
0.28225930;24.98500000;166.00000000
0.28628500;25.42200000;170.00000000
0.29147060;25.85700000;173.00000000
0.29573570;26.30200000;178.00000000
0.30027230;26.74700000;184.00000000
0.30593650;27.18200000;190.00000000
0.31050820;27.62000000;194.00000000
0.31527990;28.05200000;198.00000000
0.32135670;28.47700000;203.00000000
0.32643940;28.92500000;208.00000000
0.33275120;29.35700000;213.00000000
0.33797080;29.79200000;217.00000000
0.34339520;30.22500000;221.00000000
0.34864950;30.65200000;208.00000000
0.35465170;31.08200000;183.00000000
0.35888540;31.51500000;165.00000000
0.36267350;31.94500000;148.00000000
0.36686720;32.38200000;129.00000000
0.36980120;32.81700000;118.00000000
0.37256460;33.25000000;108.00000000
0.37583910;33.68200000;102.00000000
0.37829690;34.11700000;101.00000000
0.38085480;34.54500000;101.00000000
0.38392500;34.98000000;102.00000000
0.38651810;35.42500000;107.00000000
0.38986120;35.85500000;113.00000000
0.39265910;36.29000000;113.00000000
0.39549050;36.72200000;119.00000000
0.39924330;37.15500000;130.00000000
0.40251840;37.58700000;138.00000000
0.40599810;38.01700000;146.00000000
0.40964880;38.45000000;153.00000000
0.41449310;38.88000000;158.00000000
0.41841660;39.31200000;164.00000000
0.42233990;39.74700000;170.00000000
0.42769670;40.17700000;178.00000000
0.43209350;40.61000000;184.00000000
0.43666820;41.04000000;184.00000000
0.44182970;41.47000000;161.00000000
0.44556860;41.89200000;143.00000000
0.44959830;42.39200000;123.00000000
0.45246460;42.82500000;109.00000000
0.45553480;43.25700000;96.00000000
0.45836700;43.76000000;87.00000000
0.46044730;44.19200000;85.00000000
0.46314250;44.65700000;85.00000000
0.46542810;45.08700000;85.00000000
0.46853210;45.73500000;91.00000000
0.47139900;46.19200000;97.00000000
0.47395720;46.64700000;105.00000000
0.47736770;47.09200000;115.00000000
0.48009820;47.54500000;122.00000000
0.48388520;47.97500000;134.00000000
0.48739950;48.43700000;144.00000000
0.49203490;48.88200000;155.00000000
0.49589120;49.33000000;162.00000000
0.49978290;49.75200000;169.00000000
0.50520740;50.19700000;178.00000000
0.50957750;50.64500000;184.00000000
0.51540950;51.09000000;191.00000000
0.51998150;51.53000000;196.00000000
0.52598530;51.98000000;201.00000000
0.53079510;52.41700000;193.00000000
0.53523070;52.85000000;174.00000000
0.54017660;53.29000000;152.00000000
0.54379300;53.72000000;136.00000000
0.54764810;54.17700000;121.00000000
0.55054780;54.61700000;113.00000000
0.55392560;55.06500000;108.00000000
0.55658610;55.51200000;109.00000000
0.55928220;55.94200000;112.00000000
0.56283000;56.38000000;118.00000000
0.56569560;56.82000000;121.00000000
0.56937970;57.25700000;123.00000000
0.57241640;57.70000000;129.00000000
0.57552080;58.14000000;127.00000000
0.57937590;58.57200000;132.00000000
0.58275340;59.01000000;140.00000000
0.58626750;59.44200000;148.00000000
0.59087440;59.87500000;156.00000000
0.59472730;60.31000000;162.00000000
0.59875350;60.74200000;168.00000000
0.60390560;61.17200000;175.00000000
0.60834500;61.61200000;180.00000000
0.61267260;62.04700000;169.00000000
0.61748330;62.48200000;152.00000000
0.62116820;62.91500000;148.00000000
0.62461370;63.35000000;146.00000000
0.62904900;63.78000000;140.00000000
0.63242630;64.21500000;138.00000000
0.63566730;64.64700000;137.00000000
0.63989790;65.07700000;134.00000000
0.64310470;65.52500000;142.00000000
0.64750570;65.95500000;151.00000000
0.65136070;66.39200000;158.00000000
0.65521590;66.83200000;164.00000000
0.66043570;67.27700000;172.00000000
0.66476830;67.70200000;179.00000000
0.66899880;68.13000000;184.00000000
0.67486720;68.56700000;191.00000000
0.67950230;69.00700000;197.00000000
0.68431480;69.43700000;201.00000000
0.69066260;69.88500000;207.00000000
0.69564330;70.30700000;212.00000000
0.70089720;70.74200000;216.00000000
0.70751570;71.17700000;221.00000000
0.71294030;71.61000000;225.00000000
0.71833060;72.04500000;228.00000000
0.72525640;72.48000000;213.00000000
0.73020460;72.91200000;192.00000000
0.73463980;73.34500000;173.00000000
0.73944970;73.77500000;149.00000000
0.74286140;74.20700000;132.00000000
0.74586210;74.63700000;115.00000000
0.74917200;75.07000000;97.00000000
0.75138920;75.51200000;85.00000000
0.75340220;75.94200000;77.00000000
0.75558540;76.37000000;68.00000000
0.75729200;76.80700000;65.00000000
0.75892800;77.24000000;62.00000000
0.76094080;77.68000000;67.00000000
0.76267970;78.11700000;74.00000000
0.76459180;78.55000000;82.00000000
0.76722060;78.99000000;90.00000000
0.76950450;79.42200000;95.00000000
0.77264270;79.86500000;109.00000000
0.77533870;80.29700000;119.00000000
0.77844290;80.74500000;127.00000000
0.78246860;81.17500000;135.00000000
0.78571030;81.61200000;129.00000000
0.78884610;82.04500000;128.00000000
0.79284070;82.47700000;138.00000000
0.79628550;82.91200000;134.00000000
0.79997180;83.35500000;116.00000000
0.80276820;83.79700000;107.00000000
0.80522390;84.23500000;102.00000000
0.80836300;84.66700000;100.00000000
0.81081890;85.10000000;99.00000000
0.81317350;85.53200000;98.00000000
0.81634590;85.96500000;102.00000000
0.81886990;86.39500000;104.00000000
0.82142940;86.82700000;104.00000000
0.82463590;87.26500000;110.00000000
0.82736530;87.69700000;114.00000000
0.83009460;88.13000000;112.00000000
0.83360850;88.56000000;122.00000000
0.83667900;88.99500000;130.00000000
0.83995520;89.42500000;138.00000000
0.84428320;89.85700000;149.00000000
0.84797020;90.27200000;157.00000000
0.85199650;90.72700000;163.00000000
0.85667200;91.16500000;143.00000000
0.85987970;91.60000000;127.00000000
0.86284630;92.03200000;115.00000000
0.86625750;92.46500000;104.00000000
0.86874930;92.89500000;99.00000000
0.87116900;93.32500000;97.00000000
0.87417240;93.75500000;103.00000000
0.87683290;94.19700000;110.00000000
0.87959710;94.63000000;117.00000000
0.88328150;95.06200000;128.00000000
0.88628240;95.51200000;114.00000000
0.88891110;95.94200000;100.00000000
0.89170900;96.38200000;84.00000000
0.89358480;96.83700000;74.00000000
0.89580290;97.27200000;66.00000000
0.89747440;97.70500000;65.00000000
0.89924280;98.14500000;72.00000000
0.90153110;98.59000000;83.00000000
0.90371870;99.02700000;89.00000000
0.90634290;99.46000000;81.00000000
0.90842380;99.89700000;83.00000000
0.91053810;100.33700000;89.00000000
0.91337110;100.78200000;96.00000000
0.91586110;101.21500000;106.00000000
0.91852180;101.64000000;117.00000000
0.92230940;102.07700000;128.00000000
0.92555000;102.51500000;130.00000000
0.92947340;102.95500000;137.00000000
0.93291920;103.38700000;144.00000000
0.93663760;103.83000000;147.00000000
0.94100460;104.26200000;146.00000000
0.94451850;104.70500000;146.00000000
0.94816940;105.13200000;154.00000000
0.95297930;105.57000000;161.00000000
0.95697100;106.00200000;168.00000000
0.96116730;106.43700000;174.00000000
0.96648970;106.87000000;181.00000000
0.97102680;107.30500000;187.00000000
0.97570080;107.73700000;192.00000000
0.98156870;108.17200000;198.00000000
0.98648130;108.60700000;202.00000000
0.99146250;109.03700000;207.00000000
0.99784550;109.47700000;213.00000000
