0.00174478;0.20000000;192.00000000
0.00680764;0.63000000;194.00000000
0.01185831;1.05500000;196.00000000
0.01710883;1.49500000;198.00000000
0.02229478;1.92000000;201.00000000
0.02771955;2.36200000;203.00000000
0.03310962;2.79700000;205.00000000
0.03832921;3.21200000;207.00000000
0.04392426;3.65500000;209.00000000
0.04951926;4.09500000;211.00000000
0.05518300;4.53500000;213.00000000
0.06074377;4.96200000;215.00000000
0.06637278;5.39200000;216.00000000
0.07224128;5.83700000;218.00000000
0.07804081;6.27200000;220.00000000
0.08387426;6.70700000;222.00000000
0.08991291;7.15200000;223.00000000
0.09581503;7.58700000;225.00000000
0.10199030;8.03500000;227.00000000
0.10799440;8.47000000;229.00000000
0.11396480;8.89700000;230.00000000
0.12027610;9.34700000;232.00000000
0.12631470;9.77500000;233.00000000
0.13272860;10.22500000;234.00000000
0.13900620;10.66500000;236.00000000
0.14531720;11.10500000;237.00000000
0.15152750;11.53500000;234.00000000
0.15732900;11.96200000;214.00000000
0.16285370;12.41000000;193.00000000
0.16762930;12.83700000;174.00000000
0.17209810;13.28500000;154.00000000
0.17595470;13.71700000;138.00000000
0.17936550;14.14700000;123.00000000
0.18243600;14.57700000;111.00000000
0.18516520;14.99200000;102.00000000
0.18768970;15.40700000;97.00000000
0.19017970;15.81700000;99.00000000
0.19284150;16.24700000;102.00000000
0.19567280;16.68700000;108.00000000
0.19864070;17.12700000;115.00000000
0.20188220;17.57700000;120.00000000
0.20512280;18.01500000;122.00000000
0.20839790;18.44700000;125.00000000
0.21184380;18.89200000;129.00000000
0.21542600;19.33700000;133.00000000
0.21904180;19.77700000;137.00000000
0.22259050;20.19700000;142.00000000
0.22630950;20.62000000;146.00000000
0.23043710;21.08000000;149.00000000
0.23439420;21.51000000;151.00000000
0.23824940;21.93200000;149.00000000
0.24213880;22.36000000;150.00000000
0.24609630;22.79200000;148.00000000
0.25001980;23.23200000;145.00000000
0.25397710;23.68200000;143.00000000
0.25762750;24.10200000;144.00000000
0.26155080;24.55000000;145.00000000
0.26540600;24.98000000;148.00000000
0.26939730;25.42200000;150.00000000
0.27342340;25.85700000;153.00000000
0.27731250;26.27000000;156.00000000
0.28137240;26.69500000;159.00000000
0.28580740;27.15000000;162.00000000
0.29017430;27.59000000;164.00000000
0.29457550;28.02500000;167.00000000
0.29911200;28.46500000;171.00000000
0.30344570;28.88000000;174.00000000
0.30801690;29.30700000;177.00000000
0.31299470;29.76700000;180.00000000
0.31784170;30.20700000;183.00000000
0.32258500;30.63000000;186.00000000
0.32773600;31.08200000;189.00000000
0.33295590;31.53200000;192.00000000
0.33814140;31.97500000;194.00000000
0.34336110;32.41500000;196.00000000
0.34864950;32.85700000;198.00000000
0.35369850;33.28200000;188.00000000
0.35833950;33.71000000;169.00000000
0.36243520;34.13500000;150.00000000
0.36621880;34.57500000;133.00000000
0.36959650;35.01700000;119.00000000
0.37263290;35.45500000;108.00000000
0.37546370;35.89200000;103.00000000
0.37819450;36.32700000;100.00000000
0.38078660;36.74700000;100.00000000
0.38361810;37.20200000;101.00000000
0.38644990;37.64700000;104.00000000
0.38921290;38.08000000;107.00000000
0.39211350;38.51000000;113.00000000
0.39514940;38.93700000;118.00000000
0.39828790;39.36500000;124.00000000
0.40169960;39.80700000;130.00000000
0.40541820;40.26500000;136.00000000
0.40917120;40.71000000;141.00000000
0.41302610;41.15200000;146.00000000
0.41705180;41.60000000;149.00000000
0.42107750;42.03700000;153.00000000
0.42527380;42.48500000;157.00000000
0.42929960;42.90000000;161.00000000
0.43375830;43.34500000;166.00000000
0.43800030;43.76200000;170.00000000
0.44240750;44.19700000;158.00000000
0.44639110;44.63700000;140.00000000
0.44993930;45.08000000;121.00000000
0.45290820;45.50700000;107.00000000
0.45556890;45.93200000;97.00000000
0.45809390;46.37500000;89.00000000
0.46048140;46.81700000;84.00000000
0.46269940;47.24000000;84.00000000
0.46471120;47.67000000;85.00000000
0.46689580;48.09500000;87.00000000
0.46962400;48.53000000;92.00000000
0.47194470;48.95700000;99.00000000
0.47440080;49.39700000;103.00000000
0.47774260;49.84200000;111.00000000
0.48050800;50.27500000;118.00000000
0.48340770;50.71700000;124.00000000
0.48736540;51.16000000;132.00000000
0.49070430;51.59000000;139.00000000
0.49493690;52.03700000;146.00000000
0.49858870;52.47700000;150.00000000
0.50237310;52.89700000;155.00000000
0.50711850;53.34700000;160.00000000
0.51100790;53.78200000;164.00000000
0.51503400;54.21200000;167.00000000
0.52025430;54.64200000;172.00000000
0.52438160;55.07000000;175.00000000
0.52881740;55.50700000;179.00000000
0.53434340;55.93200000;179.00000000
0.53843680;56.36000000;161.00000000
0.54212100;56.78200000;145.00000000
0.54546470;57.20500000;130.00000000
0.54925160;57.62500000;117.00000000
0.55201460;58.05200000;111.00000000
0.55477840;58.47700000;107.00000000
0.55743940;58.90700000;110.00000000
0.56081620;59.34200000;113.00000000
0.56361510;59.77200000;115.00000000
0.56641190;60.20500000;116.00000000
0.57009610;60.63200000;123.00000000
0.57309860;61.06000000;127.00000000
0.57616900;61.49200000;129.00000000
0.58012650;61.92200000;135.00000000
0.58346990;62.35500000;139.00000000
0.58698390;62.79000000;143.00000000
0.59049920;63.21700000;147.00000000
0.59506850;63.65000000;151.00000000
0.59861700;64.08000000;154.00000000
0.60247140;64.49700000;157.00000000
0.60732000;64.92700000;161.00000000
0.61127480;65.36000000;163.00000000
0.61526600;65.79000000;162.00000000
0.61990570;66.22000000;150.00000000
0.62352200;66.65200000;147.00000000
0.62710410;67.08200000;144.00000000
0.63058410;67.51500000;140.00000000
0.63484870;67.95000000;138.00000000
0.63808970;68.38500000;135.00000000
0.64133070;68.81200000;135.00000000
0.64556100;69.24200000;140.00000000
0.64904090;69.67500000;144.00000000
0.65258890;70.11200000;148.00000000
0.65712670;70.54200000;152.00000000
0.66087920;70.97200000;156.00000000
0.66476830;71.40200000;160.00000000
0.66964700;71.83500000;165.00000000
0.67367270;72.27200000;169.00000000
0.67786710;72.71500000;172.00000000
0.68325550;73.14500000;177.00000000
0.68749020;73.58000000;180.00000000
0.69192480;74.01200000;184.00000000
0.69755390;74.45000000;188.00000000
0.70229610;74.87500000;191.00000000
0.70693580;75.30700000;193.00000000
0.71273560;75.73700000;196.00000000
0.71758010;76.16700000;198.00000000
0.72252710;76.58500000;200.00000000
0.72740540;77.01500000;201.00000000
0.73314080;77.44500000;178.00000000
0.73726690;77.87500000;160.00000000
0.74094970;78.30700000;142.00000000
0.74490550;78.74200000;121.00000000
0.74763640;79.17000000;105.00000000
0.75009240;79.60000000;93.00000000
0.75278820;80.03500000;80.00000000
0.75466540;80.46200000;71.00000000
0.75637040;80.89200000;66.00000000
0.75841670;81.33200000;62.00000000
0.76002010;81.76200000;63.00000000
0.76158930;82.21000000;67.00000000
0.76390860;82.64700000;76.00000000
0.76599190;83.07200000;84.00000000
0.76824350;83.50200000;87.00000000
0.77063010;83.92200000;96.00000000
0.77325710;84.35500000;103.00000000
0.77608950;84.78500000;110.00000000
0.77909110;85.21700000;116.00000000
0.78222970;85.65000000;121.00000000
0.78547130;86.08500000;121.00000000
0.78867570;86.51500000;124.00000000
0.79198770;86.94700000;129.00000000
0.79550100;87.38500000;135.00000000
0.79905050;87.83200000;121.00000000
0.80215420;88.27700000;109.00000000
0.80491670;88.70700000;103.00000000
0.80761220;89.14000000;100.00000000
0.81027290;89.57700000;98.00000000
0.81286640;90.00700000;97.00000000
0.81552690;90.44000000;101.00000000
0.81818800;90.87000000;102.00000000
0.82081530;91.29500000;103.00000000
0.82361220;91.73500000;104.00000000
0.82634210;92.16200000;107.00000000
0.82934400;92.60500000;113.00000000
0.83231200;93.02500000;118.00000000
0.83558740;93.46500000;124.00000000
0.83886240;93.89200000;129.00000000
0.84234170;94.32200000;136.00000000
0.84599070;94.75200000;142.00000000
0.84974600;95.18000000;147.00000000
0.85360050;95.60700000;151.00000000
0.85749120;96.04000000;140.00000000
0.86097120;96.47200000;124.00000000
0.86404030;96.89700000;112.00000000
0.86690580;97.33000000;104.00000000
0.86953340;97.75700000;98.00000000
0.87212450;98.18700000;97.00000000
0.87482150;98.62700000;102.00000000
0.87765030;99.07000000;108.00000000
0.88051970;99.49200000;115.00000000
0.88365670;99.92500000;122.00000000
0.88682840;100.36000000;112.00000000
0.88955980;100.79200000;96.00000000
0.89184550;101.21200000;83.00000000
0.89399410;101.65500000;73.00000000
0.89583710;102.07700000;66.00000000
0.89757660;102.50000000;66.00000000
0.89937850;102.93000000;67.00000000
0.90125750;103.36000000;75.00000000
0.90327450;103.77700000;84.00000000
0.90552410;104.20200000;82.00000000
0.90770740;104.63000000;85.00000000
0.91002660;105.06000000;89.00000000
0.91241540;105.48500000;94.00000000
0.91487190;105.90200000;101.00000000
0.91763480;106.33700000;108.00000000
0.92067170;106.78200000;115.00000000
0.92401500;107.24700000;122.00000000
0.92746010;107.70000000;126.00000000
0.93080400;108.12500000;132.00000000
0.93431790;108.55200000;138.00000000
0.93841190;109.02700000;143.00000000
0.94226690;109.46700000;143.00000000
0.94601950;109.90000000;145.00000000
0.94990900;110.33200000;149.00000000
0.95390050;110.76700000;153.00000000
0.95802860;111.20500000;157.00000000
0.96215670;111.63000000;161.00000000
0.96666030;112.08500000;165.00000000
0.97102680;112.51700000;168.00000000
0.97546200;112.94700000;171.00000000
0.97996520;113.37500000;175.00000000
0.98463900;113.80700000;179.00000000
0.98927890;114.23000000;183.00000000
0.99415960;114.66500000;186.00000000
0.99886040;115.07700000;189.00000000
