0.00048871;0.00000000;212.00000000
0.00608964;0.43000000;216.00000000
0.01185831;0.86800000;220.00000000
0.01707474;1.25500000;223.00000000
0.02451241;1.79800000;227.00000000
0.03085807;2.25500000;230.00000000
0.03706660;2.69800000;232.00000000
0.04600543;3.32800000;235.00000000
0.05258995;3.78500000;237.00000000
0.05917438;4.24000000;239.00000000
0.06596337;4.70500000;241.00000000
0.07213892;5.12500000;243.00000000
0.07906411;5.59000000;245.00000000
0.08571655;6.03500000;247.00000000
0.09236915;6.47500000;249.00000000
0.09929490;6.93300000;251.00000000
0.10570870;7.35000000;253.00000000
0.11253190;7.79300000;255.00000000
0.11955970;8.24500000;256.00000000
0.12655350;8.69300000;258.00000000
0.13330860;9.12300000;260.00000000
0.14071180;9.59000000;261.00000000
0.14753360;10.02000000;262.00000000
0.15432850;10.45000000;249.00000000
0.16063740;10.89300000;220.00000000
0.16609270;11.32500000;196.00000000
0.17117640;11.78000000;171.00000000
0.17554540;12.22800000;150.00000000
0.17933140;12.66500000;133.00000000
0.18270900;13.11300000;114.00000000
0.18554030;13.54000000;104.00000000
0.18830390;13.98300000;100.00000000
0.19106680;14.42000000;104.00000000
0.19393290;14.85800000;110.00000000
0.19703780;15.30300000;121.00000000
0.20038100;15.73500000;130.00000000
0.20386080;16.17300000;130.00000000
0.20733980;16.61000000;130.00000000
0.21085480;17.04300000;136.00000000
0.21457310;17.47800000;143.00000000
0.21832580;17.91000000;143.00000000
0.22214690;18.34300000;150.00000000
0.22620720;18.77500000;156.00000000
0.23047120;19.21500000;162.00000000
0.23476960;19.64800000;162.00000000
0.23900000;20.08000000;160.00000000
0.24323050;20.51800000;159.00000000
0.24739260;20.95000000;156.00000000
0.25148680;21.38500000;154.00000000
0.25551240;21.81800000;153.00000000
0.25953810;22.24800000;154.00000000
0.26366620;22.68000000;159.00000000
0.26789640;23.11800000;160.00000000
0.27222930;23.55800000;165.00000000
0.27666430;23.99500000;169.00000000
0.28123590;24.43500000;173.00000000
0.28594390;24.87800000;177.00000000
0.29048130;25.29500000;180.00000000
0.29498500;25.70500000;184.00000000
0.30027230;26.16800000;189.00000000
0.30539070;26.61000000;193.00000000
0.31044000;27.03500000;196.00000000
0.31575860;27.47500000;200.00000000
0.32115190;27.91500000;204.00000000
0.32654180;28.34500000;208.00000000
0.33206890;28.78000000;212.00000000
0.33769790;29.21300000;215.00000000
0.34346350;29.65000000;219.00000000
0.34929770;30.08500000;221.00000000
0.35475380;30.51500000;196.00000000
0.35956880;30.94500000;173.00000000
0.36383130;31.37800000;152.00000000
0.36761780;31.81000000;133.00000000
0.37085880;32.24000000;117.00000000
0.37382640;32.67300000;108.00000000
0.37669260;33.11000000;105.00000000
0.37949050;33.54500000;104.00000000
0.38221960;33.97300000;104.00000000
0.38508500;34.41000000;107.00000000
0.38798510;34.84300000;111.00000000
0.39095320;35.27500000;115.00000000
0.39415990;35.72000000;123.00000000
0.39746910;36.15500000;130.00000000
0.40105150;36.59300000;138.00000000
0.40477010;37.02300000;146.00000000
0.40883000;37.46500000;154.00000000
0.41306020;37.91000000;159.00000000
0.41729070;38.33800000;165.00000000
0.42172570;38.77500000;171.00000000
0.42636570;39.21300000;177.00000000
0.43117050;39.65000000;184.00000000
0.43605290;40.08000000;190.00000000
0.44097860;40.51500000;176.00000000
0.44539740;40.95500000;154.00000000
0.44925720;41.39500000;134.00000000
0.45256700;41.83500000;114.00000000
0.45543240;42.27000000;100.00000000
0.45792330;42.70000000;91.00000000
0.46031080;43.13300000;87.00000000
0.46263110;43.56500000;87.00000000
0.46498440;43.99800000;87.00000000
0.46737340;44.43000000;91.00000000
0.46986290;44.86500000;95.00000000
0.47245580;45.29800000;102.00000000
0.47525390;45.73000000;110.00000000
0.47825410;46.16300000;119.00000000
0.48149800;46.59500000;128.00000000
0.48501040;47.02800000;138.00000000
0.48872830;47.45800000;147.00000000
0.49278580;47.89500000;156.00000000
0.49701800;48.33300000;163.00000000
0.50141660;48.76800000;170.00000000
0.50602640;49.20300000;177.00000000
0.51080350;49.63800000;183.00000000
0.51564850;50.06800000;189.00000000
0.52066360;50.49800000;193.00000000
0.52578080;50.92800000;197.00000000
0.53099990;51.36000000;202.00000000
0.53615080;51.80000000;180.00000000
0.54058600;52.23300000;157.00000000
0.54433890;52.65000000;139.00000000
0.54802330;53.10800000;124.00000000
0.55116150;53.53800000;115.00000000
0.55430100;53.99000000;112.00000000
0.55737110;54.43300000;114.00000000
0.56047520;54.87000000;118.00000000
0.56364920;55.30500000;121.00000000
0.56688920;55.74300000;122.00000000
0.57023260;56.18800000;128.00000000
0.57367860;56.62800000;131.00000000
0.57715830;57.06300000;134.00000000
0.58077470;57.49800000;142.00000000
0.58469810;57.93800000;149.00000000
0.58882610;58.38000000;156.00000000
0.59302070;58.81500000;161.00000000
0.59735280;59.25000000;167.00000000
0.60175680;59.67500000;173.00000000
0.60646580;60.11500000;178.00000000
0.61127480;60.55500000;183.00000000
0.61588000;60.99000000;164.00000000
0.62014450;61.42800000;155.00000000
0.62427250;61.87000000;153.00000000
0.62826420;62.30500000;147.00000000
0.63205100;62.73500000;145.00000000
0.63590620;63.17500000;144.00000000
0.63959090;63.60500000;141.00000000
0.64337770;64.04000000;148.00000000
0.64736930;64.47300000;156.00000000
0.65156540;64.90800000;161.00000000
0.65589830;65.34000000;168.00000000
0.66040160;65.77500000;174.00000000
0.66514350;66.21300000;180.00000000
0.66988580;66.64000000;186.00000000
0.67493560;67.08000000;192.00000000
0.68000980;67.51000000;196.00000000
0.68520320;67.94300000;200.00000000
0.69059430;68.38000000;205.00000000
0.69605270;68.81500000;209.00000000
0.70164780;69.25000000;213.00000000
0.70727690;69.68300000;217.00000000
0.71314500;70.12300000;221.00000000
0.71901290;70.55800000;224.00000000
0.72501750;70.99500000;228.00000000
0.73088670;71.44000000;206.00000000
0.73607320;71.88300000;180.00000000
0.74057440;72.32000000;158.00000000
0.74452950;72.76500000;136.00000000
0.74784120;73.19800000;115.00000000
0.75080900;73.65000000;97.00000000
0.75323150;74.08800000;81.00000000
0.75524450;74.52300000;70.00000000
0.75712130;74.96000000;66.00000000
0.75889380;75.39800000;64.00000000
0.76066800;75.82500000;67.00000000
0.76254360;76.25800000;73.00000000
0.76462590;76.69500000;83.00000000
0.76694770;77.13000000;89.00000000
0.76936820;77.56300000;94.00000000
0.77202790;77.99800000;106.00000000
0.77506570;78.44000000;118.00000000
0.77844290;78.88800000;127.00000000
0.78195670;79.32500000;135.00000000
0.78560790;79.76800000;134.00000000
0.78915310;80.20500000;134.00000000
0.79277250;80.63800000;141.00000000
0.79652450;81.07000000;139.00000000
0.79993770;81.50500000;121.00000000
0.80297270;81.94000000;109.00000000
0.80576980;82.37300000;105.00000000
0.80849950;82.80800000;103.00000000
0.81119420;83.23800000;102.00000000
0.81388950;83.66800000;103.00000000
0.81668710;84.10300000;106.00000000
0.81951840;84.53800000;108.00000000
0.82235040;84.97000000;109.00000000
0.82521590;85.40500000;111.00000000
0.82818390;85.83800000;115.00000000
0.83125460;86.27000000;122.00000000
0.83459800;86.70800000;129.00000000
0.83814600;87.14500000;138.00000000
0.84186450;87.57500000;146.00000000
0.84585390;88.01000000;155.00000000
0.85001930;88.44300000;161.00000000
0.85424900;88.86800000;163.00000000
0.85814020;89.28500000;144.00000000
0.86189160;89.73800000;127.00000000
0.86506360;90.17800000;111.00000000
0.86789720;90.61000000;104.00000000
0.87058990;91.04000000;101.00000000
0.87325050;91.47300000;102.00000000
0.87601580;91.90800000;106.00000000
0.87898210;92.34300000;117.00000000
0.88222410;92.77800000;127.00000000
0.88566910;93.21500000;123.00000000
0.88867210;93.65000000;104.00000000
0.89119720;94.08000000;89.00000000
0.89338020;94.51000000;77.00000000
0.89535860;94.94300000;69.00000000
0.89720180;95.37800000;67.00000000
0.89907320;95.80800000;71.00000000
0.90098390;96.24000000;79.00000000
0.90327450;96.67300000;91.00000000
0.90562650;97.10500000;84.00000000
0.90791210;97.54300000;87.00000000
0.91029940;97.97500000;92.00000000
0.91275670;98.41000000;95.00000000
0.91545180;98.86000000;104.00000000
0.91841940;99.30300000;117.00000000
0.92169540;99.73800000;127.00000000
0.92507240;100.16000000;135.00000000
0.92879100;100.61500000;136.00000000
0.93237330;101.03500000;144.00000000
0.93633060;101.47300000;153.00000000
0.94042470;101.91000000;154.00000000
0.94445030;102.34300000;153.00000000
0.94854480;102.77500000;159.00000000
0.95277460;103.20300000;165.00000000
0.95717570;103.63300000;171.00000000
0.96181550;104.07000000;178.00000000
0.96655790;104.50300000;183.00000000
0.97147020;104.93500000;189.00000000
0.97648540;105.37000000;192.00000000
0.98163690;105.80500000;196.00000000
0.98682250;106.23500000;201.00000000
0.99224790;106.67300000;205.00000000
0.99767450;107.10300000;209.00000000
