0.00049485;0.00000000;125.00000000
0.00299868;0.44000000;129.00000000
0.00553118;0.86800000;133.00000000
0.00821484;1.30800000;137.00000000
0.01100061;1.75300000;140.00000000
0.01376208;2.18500000;143.00000000
0.01659819;2.61500000;147.00000000
0.01963861;3.07000000;150.00000000
0.02252463;3.49000000;154.00000000
0.02553922;3.92000000;157.00000000
0.02873171;4.36800000;160.00000000
0.03194743;4.80800000;163.00000000
0.03513945;5.23800000;165.00000000
0.03845501;5.68000000;168.00000000
0.04177281;6.11300000;171.00000000
0.04516630;6.55000000;173.00000000
0.04830685;6.97500000;154.00000000
0.05126962;7.43000000;135.00000000
0.05377755;7.87300000;118.00000000
0.05595648;8.30800000;105.00000000
0.05802951;8.75500000;98.00000000
0.05998046;9.19800000;96.00000000
0.06198050;9.65500000;95.00000000
0.06403238;10.11500000;98.00000000
0.06590591;10.53300000;99.00000000
0.06778006;10.94800000;103.00000000
0.06980591;11.37500000;107.00000000
0.07195855;11.81000000;111.00000000
0.07425733;12.25500000;116.00000000
0.07661517;12.69800000;120.00000000
0.07899878;13.12800000;124.00000000
0.08150563;13.56800000;128.00000000
0.08408874;14.00500000;132.00000000
0.08667180;14.43300000;136.00000000
0.08953340;14.89000000;139.00000000
0.09234452;15.33300000;142.00000000
0.09518088;15.77500000;144.00000000
0.09806771;16.21300000;147.00000000
0.10103050;16.65500000;150.00000000
0.10404410;17.09500000;152.00000000
0.10705770;17.53000000;155.00000000
0.11007130;17.95800000;157.00000000
0.11318630;18.39300000;160.00000000
0.11650380;18.84800000;162.00000000
0.11977030;19.29300000;164.00000000
0.12301190;19.72800000;166.00000000
0.12627870;20.15800000;168.00000000
0.12946950;20.57500000;170.00000000
0.13296450;21.02800000;173.00000000
0.13643380;21.47000000;175.00000000
0.13987790;21.90500000;176.00000000
0.14332190;22.33300000;178.00000000
0.14691780;22.77800000;180.00000000
0.15051400;23.22000000;182.00000000
0.15400890;23.64300000;183.00000000
0.15760480;24.07500000;185.00000000
0.16135290;24.52300000;186.00000000
0.16494880;24.95000000;187.00000000
0.16862070;25.38300000;188.00000000
0.17239410;25.82500000;190.00000000
0.17626870;26.27800000;191.00000000
0.18009240;26.72000000;193.00000000
0.18394180;27.16000000;195.00000000
0.18781680;27.59500000;197.00000000
0.19171630;28.03300000;199.00000000
0.19584410;28.49000000;201.00000000
0.19992160;28.93800000;203.00000000
0.20389740;29.37000000;204.00000000
0.20812650;29.82800000;205.00000000
0.21202640;30.25000000;205.00000000
0.21610360;30.68800000;206.00000000
0.22025670;31.13500000;206.00000000
0.22443620;31.58500000;200.00000000
0.22813670;32.01800000;180.00000000
0.23152500;32.46000000;160.00000000
0.23459020;32.90800000;142.00000000
0.23714800;33.32800000;129.00000000
0.23965510;33.76800000;122.00000000
0.24203530;34.20300000;120.00000000
0.24434020;34.62800000;120.00000000
0.24672050;35.06000000;121.00000000
0.24910090;35.49300000;121.00000000
0.25160810;35.94500000;123.00000000
0.25406420;36.38300000;125.00000000
0.25649580;36.81000000;127.00000000
0.25897740;37.24300000;127.00000000
0.26148450;37.67800000;128.00000000
0.26404280;38.11500000;130.00000000
0.26677440;38.57500000;133.00000000
0.26961270;39.04000000;136.00000000
0.27234860;39.48300000;138.00000000
0.27515950;39.93000000;140.00000000
0.27797040;40.37300000;142.00000000
0.28078150;40.81000000;143.00000000
0.28354180;41.23300000;145.00000000
0.28640340;41.66500000;147.00000000
0.28941750;42.11800000;149.00000000
0.29245800;42.56800000;151.00000000
0.29549490;43.01000000;152.00000000
0.29848290;43.44300000;154.00000000
0.30157280;43.88300000;155.00000000
0.30473790;44.33300000;154.00000000
0.30772640;44.76800000;152.00000000
0.31076540;45.21800000;145.00000000
0.31355080;45.66300000;132.00000000
0.31610840;46.11800000;117.00000000
0.31831180;46.55800000;105.00000000
0.32023630;46.98000000;95.00000000
0.32203500;47.40800000;88.00000000
0.32383340;47.85300000;85.00000000
0.32555400;48.28800000;85.00000000
0.32727610;48.73300000;84.00000000
0.32902300;49.18000000;86.00000000
0.33077130;49.62300000;89.00000000
0.33259540;50.06000000;93.00000000
0.33449350;50.49800000;97.00000000
0.33634220;50.91300000;101.00000000
0.33839380;51.34800000;105.00000000
0.34044510;51.77300000;109.00000000
0.34267360;52.21300000;113.00000000
0.34487690;52.63500000;117.00000000
0.34720660;53.07000000;121.00000000
0.34971360;53.52000000;124.00000000
0.35222100;53.95800000;128.00000000
0.35487980;54.41300000;131.00000000
0.35748820;54.85000000;134.00000000
0.36022330;55.29800000;137.00000000
0.36298360;55.73800000;139.00000000
0.36566790;56.16000000;141.00000000
0.36850420;56.60500000;142.00000000
0.37131500;57.04300000;142.00000000
0.37422780;57.49300000;143.00000000
0.37698790;57.91800000;144.00000000
0.37967230;58.33300000;144.00000000
0.38248310;58.76300000;145.00000000
0.38554710;59.22800000;147.00000000
0.38853560;59.67500000;149.00000000
0.39149870;60.11300000;151.00000000
0.39443610;60.53800000;154.00000000
0.39739890;60.96300000;156.00000000
0.40038730;61.38300000;159.00000000
0.40357810;61.82500000;162.00000000
0.40674360;62.25500000;164.00000000
0.40988390;62.67500000;167.00000000
0.41315070;63.10500000;169.00000000
0.41649350;63.54000000;172.00000000
0.41998820;63.98800000;174.00000000
0.42343230;64.42300000;177.00000000
0.42695240;64.86000000;177.00000000
0.43026960;65.28500000;170.00000000
0.43353660;65.71000000;171.00000000
0.43685420;66.14000000;168.00000000
0.44007020;66.56800000;165.00000000
0.44341300;67.02000000;164.00000000
0.44652790;67.43800000;166.00000000
0.44966800;67.85800000;168.00000000
0.45293440;68.28500000;170.00000000
0.45622550;68.71000000;172.00000000
0.45967250;69.15000000;174.00000000
0.46324370;69.60300000;176.00000000
0.46696440;70.06800000;179.00000000
0.47068720;70.52500000;181.00000000
0.47430840;70.96800000;182.00000000
0.47780330;71.41000000;170.00000000
0.48096870;71.82500000;167.00000000
0.48413410;72.24800000;166.00000000
0.48735050;72.67300000;167.00000000
0.49056680;73.09800000;168.00000000
0.49358010;73.51800000;169.00000000
0.49674570;73.94800000;171.00000000
0.50054440;74.39500000;173.00000000
0.50370990;74.84000000;176.00000000
0.50695120;75.28000000;178.00000000
0.51097690;75.71800000;181.00000000
0.51424470;76.16500000;184.00000000
0.51839930;76.60800000;184.00000000
0.52158660;77.05300000;169.00000000
0.52462850;77.48000000;170.00000000
0.52855310;77.91800000;170.00000000
0.53156610;78.35800000;171.00000000
0.53544090;78.80300000;164.00000000
0.53837870;79.24000000;165.00000000
0.54126550;79.66500000;159.00000000
0.54410170;80.07800000;147.00000000
0.54739400;80.52800000;143.00000000
0.54985020;80.95800000;134.00000000
0.55266130;81.41300000;116.00000000
0.55463650;81.85300000;103.00000000
0.55648540;82.28000000;98.00000000
0.55876430;82.70800000;99.00000000
0.56056220;83.14800000;102.00000000
0.56294290;83.59800000;107.00000000
0.56486620;84.05000000;99.00000000
0.56696930;84.51300000;94.00000000
0.56866630;84.95500000;88.00000000
0.57056470;85.41000000;86.00000000
0.57223520;85.85500000;92.00000000
0.57436380;86.29800000;99.00000000
0.57618680;86.73800000;105.00000000
0.57823790;87.17300000;111.00000000
0.58077040;87.60000000;117.00000000
0.58297370;88.03500000;123.00000000
0.58515160;88.45500000;128.00000000
0.58816500;88.89500000;135.00000000
0.59064680;89.33500000;139.00000000
0.59315400;89.78500000;143.00000000
0.59644620;90.23500000;148.00000000
0.59923180;90.67300000;152.00000000
0.60267570;91.09800000;150.00000000
0.60533470;91.53500000;142.00000000
0.60786700;91.96500000;143.00000000
0.61115930;92.41300000;147.00000000
0.61384390;92.85000000;148.00000000
0.61711030;93.30000000;135.00000000
0.61944040;93.77300000;120.00000000
0.62199820;94.20800000;104.00000000
0.62369510;94.65300000;92.00000000
0.62534090;95.08300000;82.00000000
0.62719040;95.53300000;82.00000000
0.62875940;95.96300000;82.00000000
0.63068400;96.40000000;85.00000000
0.63230470;96.85800000;89.00000000
0.63390050;97.27800000;91.00000000
0.63605300;97.71300000;97.00000000
0.63782740;98.14300000;103.00000000
0.63982390;98.57500000;109.00000000
0.64230680;99.01000000;117.00000000
0.64448630;99.44500000;123.00000000
0.64729700;99.88800000;130.00000000
0.64977820;100.33500000;135.00000000
0.65223490;100.76500000;140.00000000
0.65545140;101.19500000;145.00000000
0.65811030;101.61300000;150.00000000
0.66094650;102.05300000;155.00000000
0.66370680;102.48300000;159.00000000
0.66740410;102.93500000;164.00000000
0.67110140;103.39000000;169.00000000
0.67431770;103.82500000;173.00000000
0.67735660;104.25300000;177.00000000
0.68072500;104.68500000;181.00000000
0.68482430;105.09800000;186.00000000
0.68811760;105.53500000;189.00000000
0.69156480;105.97500000;192.00000000
0.69604580;106.42000000;195.00000000
0.69946440;106.85500000;198.00000000
0.70399770;107.29000000;201.00000000
0.70769480;107.73000000;204.00000000
0.71139230;108.17500000;206.00000000
0.71607730;108.59500000;209.00000000
0.71990130;109.03800000;211.00000000
0.72372500;109.46800000;213.00000000
0.72848590;109.90800000;215.00000000
0.73246170;110.36500000;217.00000000
0.73729880;110.80500000;219.00000000
0.74130000;111.26000000;220.00000000
0.74633980;111.71500000;221.00000000
0.75031550;112.15800000;222.00000000
0.75522820;112.58800000;222.00000000
0.75943200;113.00500000;223.00000000
0.76393990;113.45300000;224.00000000
0.76824500;113.87800000;225.00000000
0.77267620;114.31300000;227.00000000
0.77726020;114.76000000;228.00000000
0.78164130;115.18500000;230.00000000
0.78612410;115.61500000;232.00000000
0.79068200;116.05000000;233.00000000
0.79541770;116.49800000;235.00000000
0.80022950;116.95000000;237.00000000
0.80499020;117.39300000;239.00000000
0.80967520;117.82800000;240.00000000
0.81436020;118.25800000;242.00000000
0.81914680;118.69500000;243.00000000
0.82388340;119.12500000;245.00000000
0.82879570;119.56800000;245.00000000
0.83378390;120.01800000;246.00000000
0.83846880;120.44000000;247.00000000
0.84335630;120.87800000;248.00000000
0.84809190;121.30300000;247.00000000
0.85300480;121.74300000;247.00000000
0.85781640;122.17500000;248.00000000
0.86240070;122.59500000;233.00000000
0.86675400;123.02500000;215.00000000
0.87080780;123.46000000;197.00000000
0.87447950;123.89800000;178.00000000
0.87790260;124.34500000;159.00000000
0.88081490;124.77800000;140.00000000
0.88346970;125.22300000;124.00000000
0.88574890;125.64800000;112.00000000
0.88777500;126.05800000;104.00000000
0.88977540;126.49000000;101.00000000
0.89172570;126.91000000;101.00000000
0.89372470;127.33500000;105.00000000
0.89577810;127.76000000;109.00000000
0.89795490;128.19500000;113.00000000
0.90013270;128.60800000;118.00000000
0.90243720;129.03800000;122.00000000
0.90496990;129.48800000;126.00000000
0.90750220;129.92800000;130.00000000
0.91005950;130.35800000;134.00000000
0.91284570;130.81300000;138.00000000
0.91570710;131.26500000;141.00000000
0.91866710;131.72300000;145.00000000
0.92170810;132.18000000;149.00000000
0.92487530;132.64800000;153.00000000
0.92788550;133.07800000;156.00000000
0.93085000;133.49500000;159.00000000
0.93406720;133.93800000;163.00000000
0.93735900;134.38000000;167.00000000
0.94070200;134.82000000;170.00000000
0.94422200;135.27300000;174.00000000
0.94774210;135.71500000;178.00000000
0.95126220;136.14800000;181.00000000
0.95483290;136.58000000;184.00000000
0.95840350;137.00800000;187.00000000
0.96210030;137.44300000;187.00000000
0.96562170;137.88000000;168.00000000
0.96879110;138.32500000;149.00000000
0.97149620;138.75000000;132.00000000
0.97392730;139.18300000;116.00000000
0.97602900;139.60800000;103.00000000
0.97797920;140.04000000;94.00000000
0.97977720;140.47000000;89.00000000
0.98154990;140.90800000;87.00000000
0.98329700;141.34000000;89.00000000
0.98511960;141.78000000;92.00000000
0.98696890;142.21500000;97.00000000
0.98886890;142.63800000;101.00000000
0.99086890;143.06000000;106.00000000
0.99297110;143.49000000;111.00000000
0.99522260;143.92800000;115.00000000
0.99755390;144.36800000;120.00000000
