0.00079937;0.00000000;137.00000000
0.00355461;0.43700000;142.00000000
0.00639114;0.87500000;146.00000000
0.00930441;1.31000000;151.00000000
0.01226647;1.73700000;155.00000000
0.01528223;2.16500000;159.00000000
0.01847308;2.60200000;163.00000000
0.02178766;3.04700000;167.00000000
0.02520989;3.49700000;170.00000000
0.02847805;3.91700000;174.00000000
0.03192212;4.35500000;177.00000000
0.03539257;4.78500000;180.00000000
0.03913859;5.24000000;183.00000000
0.04286193;5.68700000;186.00000000
0.04653350;6.13700000;171.00000000
0.04980127;6.59000000;151.00000000
0.05261431;7.03000000;132.00000000
0.05507251;7.46700000;115.00000000
0.05737077;7.93700000;102.00000000
0.05934718;8.36500000;99.00000000
0.06132204;8.80200000;98.00000000
0.06337380;9.25000000;101.00000000
0.06532341;9.66700000;102.00000000
0.06742559;10.11500000;107.00000000
0.06947669;10.53000000;112.00000000
0.07175632;10.97000000;118.00000000
0.07420700;11.41700000;124.00000000
0.07676720;11.86500000;129.00000000
0.07942962;12.31200000;134.00000000
0.08213873;12.75000000;139.00000000
0.08484846;13.17500000;143.00000000
0.08768477;13.60700000;148.00000000
0.09072372;14.05500000;152.00000000
0.09376289;14.49500000;155.00000000
0.09687755;14.93200000;159.00000000
0.10016940;15.38700000;162.00000000
0.10358830;15.85200000;165.00000000
0.10690580;16.29200000;168.00000000
0.11024860;16.72700000;171.00000000
0.11351550;17.15000000;174.00000000
0.11718740;17.61200000;176.00000000
0.12060610;18.04000000;179.00000000
0.12425280;18.49000000;181.00000000
0.12792480;18.93500000;184.00000000
0.13144490;19.35700000;186.00000000
0.13514230;19.79500000;188.00000000
0.13881430;20.22200000;191.00000000
0.14258750;20.66000000;193.00000000
0.14636080;21.09200000;195.00000000
0.15010880;21.51700000;196.00000000
0.15421140;21.97700000;198.00000000
0.15811130;22.41000000;200.00000000
0.16201120;22.84200000;201.00000000
0.16588570;23.26700000;203.00000000
0.16983630;23.69700000;204.00000000
0.17388830;24.13500000;205.00000000
0.17786400;24.56200000;207.00000000
0.18209310;25.01200000;210.00000000
0.18639850;25.46500000;212.00000000
0.19057680;25.89700000;214.00000000
0.19472970;26.32700000;216.00000000
0.19890860;26.75200000;218.00000000
0.20301110;27.17000000;219.00000000
0.20736680;27.61000000;220.00000000
0.21184910;28.06000000;221.00000000
0.21628090;28.50500000;221.00000000
0.22050960;28.92700000;222.00000000
0.22484130;29.37000000;208.00000000
0.22879460;29.81500000;188.00000000
0.23220970;30.24200000;167.00000000
0.23522330;30.66500000;148.00000000
0.23808490;31.12000000;132.00000000
0.24064270;31.55500000;127.00000000
0.24314990;31.99500000;126.00000000
0.24575820;32.44500000;127.00000000
0.24834110;32.89000000;127.00000000
0.25094970;33.34000000;130.00000000
0.25363360;33.79000000;133.00000000
0.25629310;34.22700000;136.00000000
0.25897740;34.66700000;135.00000000
0.26148450;35.08000000;137.00000000
0.26427070;35.52500000;140.00000000
0.26705260;35.95700000;144.00000000
0.26989140;36.39000000;147.00000000
0.27290570;36.84000000;150.00000000
0.27581790;37.26700000;153.00000000
0.27873020;37.68500000;155.00000000
0.28187050;38.13000000;158.00000000
0.28513720;38.58500000;160.00000000
0.28845440;39.04000000;162.00000000
0.29172420;39.48200000;164.00000000
0.29493720;39.91200000;166.00000000
0.29817910;40.34200000;168.00000000
0.30144620;40.76700000;170.00000000
0.30468720;41.19500000;165.00000000
0.30800510;41.65000000;158.00000000
0.31109470;42.09200000;149.00000000
0.31382940;42.52000000;135.00000000
0.31633640;42.95200000;119.00000000
0.31851440;43.38000000;107.00000000
0.32054020;43.81700000;96.00000000
0.32239090;44.24500000;90.00000000
0.32416220;44.67700000;88.00000000
0.32598450;45.11200000;89.00000000
0.32770680;45.53500000;90.00000000
0.32955500;45.97500000;95.00000000
0.33150610;46.41700000;99.00000000
0.33358240;46.86200000;105.00000000
0.33575980;47.30500000;111.00000000
0.33788740;47.72200000;116.00000000
0.34014120;48.14200000;120.00000000
0.34249630;48.56700000;125.00000000
0.34490220;48.98700000;129.00000000
0.34740920;49.41000000;133.00000000
0.35006820;49.84700000;137.00000000
0.35272730;50.27000000;140.00000000
0.35533560;50.67700000;144.00000000
0.35822260;51.11500000;147.00000000
0.36126160;51.56500000;150.00000000
0.36430040;52.00500000;154.00000000
0.36733930;52.44200000;156.00000000
0.37055540;52.90000000;154.00000000
0.37367050;53.34700000;153.00000000
0.37686130;53.80500000;154.00000000
0.38002680;54.26500000;154.00000000
0.38321750;54.72000000;155.00000000
0.38625630;55.15200000;157.00000000
0.38934590;55.58200000;160.00000000
0.39241030;56.00500000;163.00000000
0.39585430;56.47000000;165.00000000
0.39917160;56.90700000;168.00000000
0.40261590;57.35700000;172.00000000
0.40603460;57.79200000;175.00000000
0.40947870;58.22500000;178.00000000
0.41297350;58.65700000;181.00000000
0.41646810;59.08200000;182.00000000
0.42003880;59.52000000;182.00000000
0.42373620;59.96500000;185.00000000
0.42743360;60.40200000;187.00000000
0.43095340;60.82200000;183.00000000
0.43460040;61.26200000;184.00000000
0.43812050;61.69200000;179.00000000
0.44153860;62.12000000;176.00000000
0.44490720;62.54500000;177.00000000
0.44842700;62.98200000;179.00000000
0.45199880;63.42200000;182.00000000
0.45566700;63.86200000;185.00000000
0.45921670;64.28500000;188.00000000
0.46288860;64.71500000;190.00000000
0.46653470;65.13700000;192.00000000
0.47020600;65.56000000;195.00000000
0.47420710;66.01200000;195.00000000
0.47782870;66.43700000;183.00000000
0.48155110;66.89500000;179.00000000
0.48499510;67.32000000;179.00000000
0.48849000;67.75200000;180.00000000
0.49208630;68.19700000;179.00000000
0.49560590;68.63000000;181.00000000
0.49915150;69.06000000;184.00000000
0.50201320;69.49000000;186.00000000
0.50629280;69.92500000;189.00000000
0.50978740;70.35200000;192.00000000
0.51330720;70.79200000;195.00000000
0.51761350;71.22200000;198.00000000
0.52108090;71.67500000;184.00000000
0.52523680;72.10700000;184.00000000
0.52862910;72.53500000;183.00000000
0.53197100;72.97000000;183.00000000
0.53513690;73.39700000;176.00000000
0.53913830;73.83000000;176.00000000
0.54225330;74.28700000;164.00000000
0.54577310;74.74000000;151.00000000
0.54840700;75.17500000;144.00000000
0.55154700;75.61000000;129.00000000
0.55382600;76.04000000;116.00000000
0.55585270;76.49500000;105.00000000
0.55808070;76.92500000;101.00000000
0.56003020;77.34500000;105.00000000
0.56192870;77.76200000;109.00000000
0.56398270;78.19200000;109.00000000
0.56626000;78.62700000;99.00000000
0.56808470;79.05200000;96.00000000
0.56970440;79.46700000;88.00000000
0.57129540;79.89200000;92.00000000
0.57347740;80.32200000;103.00000000
0.57540240;80.76000000;111.00000000
0.57752890;81.19700000;119.00000000
0.58039060;81.65500000;127.00000000
0.58272030;82.06700000;133.00000000
0.58525290;82.49000000;140.00000000
0.58844360;82.93500000;147.00000000
0.59110270;83.36000000;153.00000000
0.59386280;83.79000000;157.00000000
0.59758590;84.21500000;163.00000000
0.60057380;84.64700000;167.00000000
0.60348610;85.08200000;156.00000000
0.60690500;85.51200000;150.00000000
0.60971590;85.96000000;154.00000000
0.61328670;86.42200000;156.00000000
0.61592020;86.85200000;150.00000000
0.61850310;87.29700000;135.00000000
0.62141560;87.72700000;122.00000000
0.62354310;88.16700000;111.00000000
0.62592360;88.60200000;102.00000000
0.62779750;89.03500000;96.00000000
0.62949400;89.47700000;88.00000000
0.63154460;89.91700000;92.00000000
0.63331810;90.33700000;100.00000000
0.63516650;90.79000000;106.00000000
0.63765000;91.23500000;116.00000000
0.63977340;91.65700000;123.00000000
0.64205280;92.08700000;129.00000000
0.64506970;92.50700000;138.00000000
0.64767680;92.93200000;144.00000000
0.65028470;93.37500000;150.00000000
0.65377980;93.83200000;157.00000000
0.65659090;94.26700000;162.00000000
0.66031340;94.70500000;168.00000000
0.66340300;95.14000000;173.00000000
0.66664450;95.56700000;178.00000000
0.67067090;96.00700000;183.00000000
0.67408980;96.43700000;188.00000000
0.67748320;96.87200000;192.00000000
0.68100380;97.30000000;196.00000000
0.68548290;97.73200000;201.00000000
0.68900510;98.14000000;204.00000000
0.69277920;98.58000000;207.00000000
0.69751460;99.01000000;211.00000000
0.70133850;99.46000000;214.00000000
0.70528920;99.89500000;216.00000000
0.71017670;100.35200000;220.00000000
0.71410190;100.79700000;222.00000000
0.71914140;101.24500000;225.00000000
0.72319320;101.67200000;227.00000000
0.72846060;102.12700000;229.00000000
0.73261360;102.55000000;231.00000000
0.73676710;102.98000000;232.00000000
0.74195850;103.42200000;234.00000000
0.74616250;103.85500000;235.00000000
0.75041680;104.28500000;235.00000000
0.75576000;104.70700000;236.00000000
0.76054610;105.15700000;236.00000000
0.76495310;105.57000000;238.00000000
0.76973890;106.01500000;239.00000000
0.77460130;106.46500000;240.00000000
0.77943810;106.91000000;242.00000000
0.78417390;107.34200000;244.00000000
0.78906140;107.78500000;245.00000000
0.79382180;108.21500000;247.00000000
0.79891260;108.67000000;249.00000000
0.80382540;109.10500000;250.00000000
0.80871300;109.53700000;252.00000000
0.81362560;109.96700000;253.00000000
0.81864020;110.40700000;255.00000000
0.82347800;110.82700000;256.00000000
0.82869450;111.27700000;257.00000000
0.83355600;111.69700000;257.00000000
0.83877270;112.14700000;258.00000000
0.84371080;112.57500000;258.00000000
0.84862370;112.99700000;258.00000000
0.85371390;113.43500000;259.00000000
0.85875340;113.86500000;260.00000000
0.86348880;114.28500000;240.00000000
0.86794380;114.71500000;220.00000000
0.87202410;115.14700000;199.00000000
0.87577180;115.59000000;178.00000000
0.87904130;116.02000000;157.00000000
0.88182460;116.44000000;139.00000000
0.88445730;116.88200000;123.00000000
0.88676150;117.32000000;111.00000000
0.88888930;117.75200000;105.00000000
0.89094040;118.18000000;104.00000000
0.89291290;118.59700000;103.00000000
0.89486600;119.01500000;107.00000000
0.89699200;119.44200000;113.00000000
0.89929690;119.88200000;119.00000000
0.90165230;120.31000000;124.00000000
0.90418470;120.75000000;129.00000000
0.90664140;121.16500000;134.00000000
0.90932530;121.60000000;139.00000000
0.91216190;122.04200000;144.00000000
0.91499810;122.47000000;148.00000000
0.91790900;122.89500000;153.00000000
0.92079680;123.31000000;157.00000000
0.92383740;123.73200000;161.00000000
0.92702670;124.16500000;165.00000000
0.93034270;124.60500000;169.00000000
0.93361120;125.03000000;173.00000000
0.93705510;125.46500000;177.00000000
0.94067670;125.91500000;181.00000000
0.94450050;126.37700000;185.00000000
0.94829920;126.82500000;190.00000000
0.95197120;127.25000000;193.00000000
0.95594710;127.70200000;197.00000000
0.95982180;128.13500000;200.00000000
0.96359280;128.56500000;184.00000000
0.96698960;129.00000000;164.00000000
0.97003250;129.43500000;145.00000000
0.97273520;129.87500000;127.00000000
0.97504150;130.30000000;112.00000000
0.97701680;130.71200000;99.00000000
0.97886620;131.15000000;90.00000000
0.98061290;131.57500000;89.00000000
0.98241080;132.01000000;91.00000000
0.98420850;132.44200000;91.00000000
0.98608250;132.88200000;97.00000000
0.98813450;133.33000000;104.00000000
0.99023590;133.76200000;111.00000000
0.99256600;134.21700000;117.00000000
0.99489380;134.64500000;123.00000000
0.99727510;135.06700000;128.00000000
