0.00038213;0.00000000;228.00000000
0.00771157;0.44800000;230.00000000
0.01475944;0.87300000;232.00000000
0.02196764;1.30500000;233.00000000
0.02937756;1.74800000;231.00000000
0.03614325;2.17800000;207.00000000
0.04226398;2.61000000;186.00000000
0.04725764;3.00500000;168.00000000
0.05253310;3.45800000;157.00000000
0.05740623;3.90300000;149.00000000
0.06207747;4.34500000;146.00000000
0.06678902;4.79500000;147.00000000
0.07129929;5.22500000;149.00000000
0.07621236;5.69000000;146.00000000
0.08052125;6.11000000;144.00000000
0.08527315;6.55300000;155.00000000
0.09038770;7.00300000;161.00000000
0.09582423;7.46300000;167.00000000
0.10118010;7.90000000;172.00000000
0.10689890;8.35500000;177.00000000
0.11265740;8.80000000;182.00000000
0.11829530;9.22800000;186.00000000
0.12437620;9.68000000;190.00000000
0.13001410;10.11800000;168.00000000
0.13508830;10.56500000;146.00000000
0.13943750;11.01300000;127.00000000
0.14310160;11.44800000;108.00000000
0.14632410;11.88800000;94.00000000
0.14898060;12.30500000;84.00000000
0.15139820;12.71800000;79.00000000
0.15397300;13.16500000;78.00000000
0.15635110;13.58800000;77.00000000
0.15880560;14.03000000;77.00000000
0.16122310;14.48800000;74.00000000
0.16376010;14.93500000;84.00000000
0.16657930;15.36800000;94.00000000
0.16988140;15.82000000;107.00000000
0.17330440;16.24300000;119.00000000
0.17717050;16.67300000;130.00000000
0.18156000;17.12300000;140.00000000
0.18615090;17.56300000;151.00000000
0.19078200;17.98000000;158.00000000
0.19621840;18.44500000;164.00000000
0.20129270;18.89500000;150.00000000
0.20588330;19.33500000;137.00000000
0.20987040;19.76000000;124.00000000
0.21361550;20.19000000;116.00000000
0.21752170;20.66500000;113.00000000
0.22134730;21.14300000;110.00000000
0.22489140;21.60300000;107.00000000
0.22863640;22.07800000;115.00000000
0.23310650;22.59800000;122.00000000
0.23729710;23.06000000;131.00000000
0.24148020;23.48800000;140.00000000
0.24611320;23.93500000;148.00000000
0.25163130;24.43800000;156.00000000
0.25690640;24.89800000;163.00000000
0.26222220;25.34300000;169.00000000
0.26790060;25.80000000;175.00000000
0.27382040;26.26300000;181.00000000
0.27953860;26.69500000;187.00000000
0.28553920;27.13800000;192.00000000
0.29125930;27.57000000;173.00000000
0.29717720;28.08300000;149.00000000
0.30168770;28.52800000;134.00000000
0.30611740;29.00800000;122.00000000
0.31046720;29.52500000;112.00000000
0.31401070;29.97300000;107.00000000
0.31759430;30.44000000;105.00000000
0.32097740;30.88300000;106.00000000
0.32452130;31.34500000;108.00000000
0.32782330;31.76800000;109.00000000
0.33136730;32.22500000;110.00000000
0.33519300;32.68300000;120.00000000
0.33934080;33.15300000;126.00000000
0.34368990;33.61500000;135.00000000
0.34812000;34.05800000;143.00000000
0.35303510;34.52300000;152.00000000
0.35814600;34.98300000;158.00000000
0.36346300;35.44000000;165.00000000
0.36865800;35.87000000;171.00000000
0.37413430;36.30800000;178.00000000
0.38106250;36.83800000;185.00000000
0.38718130;37.29300000;190.00000000
0.39338420;37.74500000;194.00000000
0.40010950;38.22500000;198.00000000
0.40675140;38.68500000;203.00000000
0.41360010;39.15000000;207.00000000
0.42000320;39.57800000;211.00000000
0.42773510;40.08300000;216.00000000
0.43538670;40.57000000;221.00000000
0.44235350;41.00500000;225.00000000
0.45008590;41.48000000;229.00000000
0.45781720;41.94800000;232.00000000
0.46558970;42.41000000;236.00000000
0.47348100;42.87500000;238.00000000
0.48161970;43.34800000;240.00000000
0.48947030;43.80500000;232.00000000
0.49687970;44.28300000;202.00000000
0.50332350;44.75500000;181.00000000
0.50928350;45.22500000;172.00000000
0.51472010;45.67000000;169.00000000
0.52084130;46.17500000;168.00000000
0.52615700;46.62000000;167.00000000
0.53175470;47.08800000;167.00000000
0.53723150;47.54000000;172.00000000
0.54282910;47.98800000;177.00000000
0.54826580;48.41000000;181.00000000
0.55454780;48.88500000;187.00000000
0.56042740;49.31800000;192.00000000
0.56763590;49.83500000;196.00000000
0.57472390;50.33300000;201.00000000
0.58084450;50.75500000;197.00000000
0.58732830;51.24500000;170.00000000
0.59276470;51.72000000;150.00000000
0.59727510;52.15000000;143.00000000
0.60267130;52.68300000;141.00000000
0.60718180;53.12800000;140.00000000
0.61181310;53.58800000;143.00000000
0.61652460;54.04000000;148.00000000
0.62139730;54.48800000;153.00000000
0.62622990;54.91800000;160.00000000
0.63130390;55.35000000;167.00000000
0.63665990;55.78500000;175.00000000
0.64262010;56.25000000;182.00000000
0.64853970;56.69300000;189.00000000
0.65490300;57.15500000;195.00000000
0.66114400;57.59500000;199.00000000
0.66770870;58.05000000;203.00000000
0.67411180;58.48800000;206.00000000
0.68063560;58.92800000;208.00000000
0.68703840;59.37800000;185.00000000
0.69263620;59.82800000;163.00000000
0.69767020;60.27500000;152.00000000
0.70262330;60.73500000;147.00000000
0.70733520;61.19300000;145.00000000
0.71188560;61.62300000;149.00000000
0.71675840;62.07300000;155.00000000
0.72151020;62.49000000;161.00000000
0.72694640;62.95000000;168.00000000
0.73234370;63.39000000;174.00000000
0.73806170;63.83800000;181.00000000
0.74386060;64.28000000;180.00000000
0.74921660;64.72000000;159.00000000
0.75380750;65.14800000;138.00000000
0.75799530;65.59300000;123.00000000
0.76178160;66.03500000;114.00000000
0.76552640;66.50000000;111.00000000
0.76902960;66.95000000;109.00000000
0.77233210;67.37500000;110.00000000
0.77599650;67.81800000;121.00000000
0.77978210;68.23800000;129.00000000
0.78405080;68.68300000;138.00000000
0.78872220;69.13800000;148.00000000
0.79367540;69.59000000;156.00000000
0.79874960;70.03300000;162.00000000
0.80393980;70.47000000;169.00000000
0.80926010;70.90300000;175.00000000
0.81497870;71.34800000;182.00000000
0.82081750;71.78500000;188.00000000
0.82685880;72.22800000;193.00000000
0.83265760;72.64000000;198.00000000
0.83918160;73.09500000;203.00000000
0.84611000;73.56500000;208.00000000
0.85343720;74.05000000;213.00000000
0.86024320;74.51800000;189.00000000
0.86612240;74.97800000;166.00000000
0.87123690;75.43000000;151.00000000
0.87655270;75.92800000;145.00000000
0.88150570;76.40500000;145.00000000
0.88613710;76.85800000;142.00000000
0.89072800;77.31000000;144.00000000
0.89560070;77.76800000;151.00000000
0.90107750;78.27300000;151.00000000
0.90603080;78.71800000;157.00000000
0.91138700;79.18300000;163.00000000
0.91690390;79.64500000;169.00000000
0.92238090;80.08500000;175.00000000
0.92882400;80.58800000;181.00000000
0.93474410;81.03800000;187.00000000
0.94070400;81.47500000;191.00000000
0.94694600;81.92500000;196.00000000
0.95346980;82.38500000;201.00000000
0.96019490;82.84800000;205.00000000
0.96700070;83.30300000;210.00000000
0.97396760;83.76000000;215.00000000
0.98133720;84.23500000;219.00000000
0.98813260;84.66300000;223.00000000
0.99503560;85.09000000;226.00000000
