0.00175050;0.00000000;223.00000000
0.00887968;0.44300000;225.00000000
0.01604811;0.88300000;227.00000000
0.02281330;1.29800000;229.00000000
0.03022320;1.74800000;231.00000000
0.03739146;2.19000000;215.00000000
0.04387479;2.63300000;192.00000000
0.04987533;3.09500000;172.00000000
0.05507024;3.53000000;161.00000000
0.05998336;3.96800000;154.00000000
0.06477544;4.40000000;153.00000000
0.06960792;4.84300000;154.00000000
0.07464173;5.29500000;154.00000000
0.07947420;5.74000000;152.00000000
0.08450810;6.19300000;159.00000000
0.08962267;6.63000000;166.00000000
0.09513962;7.08300000;171.00000000
0.10065660;7.52300000;176.00000000
0.10661690;7.98800000;180.00000000
0.11237550;8.43000000;182.00000000
0.11837580;8.88500000;185.00000000
0.12433590;9.33000000;188.00000000
0.13001410;9.76500000;172.00000000
0.13520910;10.22000000;147.00000000
0.13988050;10.69800000;126.00000000
0.14370590;11.15300000;109.00000000
0.14704870;11.61000000;94.00000000
0.14998840;12.07000000;84.00000000
0.15260460;12.51500000;81.00000000
0.15518260;12.96000000;79.00000000
0.15767940;13.40300000;78.00000000
0.16005520;13.81800000;79.00000000
0.16275400;14.27800000;83.00000000
0.16557220;14.72300000;91.00000000
0.16855270;15.15000000;103.00000000
0.17201570;15.59300000;113.00000000
0.17584140;16.03800000;123.00000000
0.18007010;16.49800000;134.00000000
0.18425820;16.91800000;143.00000000
0.18884900;17.35000000;151.00000000
0.19368150;17.78500000;158.00000000
0.19867510;18.21500000;165.00000000
0.20334650;18.62800000;151.00000000
0.20761520;19.03800000;136.00000000
0.21156140;19.45300000;126.00000000
0.21538800;19.88500000;118.00000000
0.21917290;20.33500000;115.00000000
0.22267620;20.77000000;112.00000000
0.22613960;21.21000000;112.00000000
0.22972380;21.64300000;120.00000000
0.23342870;22.05800000;126.00000000
0.23749800;22.49800000;133.00000000
0.24176170;22.92800000;141.00000000
0.24619380;23.35300000;148.00000000
0.25082640;23.78300000;153.00000000
0.25577880;24.22300000;159.00000000
0.26069190;24.64500000;165.00000000
0.26588710;25.07800000;170.00000000
0.27156510;25.53500000;176.00000000
0.27696140;25.95800000;181.00000000
0.28283910;26.40500000;184.00000000
0.28864310;26.84000000;188.00000000
0.29419640;27.27000000;167.00000000
0.29886880;27.68300000;149.00000000
0.30321800;28.11000000;135.00000000
0.30736580;28.55300000;124.00000000
0.31099050;28.97300000;116.00000000
0.31445380;29.39800000;110.00000000
0.31791660;29.83800000;108.00000000
0.32133970;30.27300000;109.00000000
0.32468240;30.69500000;109.00000000
0.32814540;31.13300000;111.00000000
0.33152830;31.54800000;116.00000000
0.33519300;31.97300000;123.00000000
0.33893810;32.38500000;127.00000000
0.34300520;32.82000000;134.00000000
0.34723400;33.24500000;141.00000000
0.35178440;33.68300000;149.00000000
0.35637400;34.10800000;154.00000000
0.36100370;34.52000000;159.00000000
0.36636470;34.97800000;166.00000000
0.37179900;35.42800000;172.00000000
0.37735670;35.87000000;177.00000000
0.38311700;36.31500000;183.00000000
0.38895430;36.75800000;186.00000000
0.39463260;37.18300000;190.00000000
0.40051220;37.60800000;194.00000000
0.40651010;38.03800000;198.00000000
0.41263330;38.46500000;201.00000000
0.41891600;38.89500000;205.00000000
0.42539930;39.33000000;209.00000000
0.43208460;39.77000000;213.00000000
0.43901090;40.22000000;217.00000000
0.44569610;40.64500000;220.00000000
0.45298490;41.10300000;224.00000000
0.46003220;41.54000000;227.00000000
0.46732140;41.98300000;231.00000000
0.47457000;42.41800000;233.00000000
0.48178080;42.84800000;235.00000000
0.48947030;43.30300000;236.00000000
0.49724220;43.77800000;213.00000000
0.50348460;44.20800000;193.00000000
0.50964590;44.66500000;182.00000000
0.51560610;45.12500000;178.00000000
0.52116350;45.56300000;176.00000000
0.52688190;46.01500000;174.00000000
0.53247960;46.46800000;173.00000000
0.53803690;46.91300000;176.00000000
0.54391630;47.37000000;180.00000000
0.54975580;47.82000000;183.00000000
0.55591690;48.28300000;187.00000000
0.56211890;48.74000000;191.00000000
0.56807880;49.17000000;195.00000000
0.57492520;49.65500000;199.00000000
0.58169030;50.12800000;196.00000000
0.58793230;50.59500000;174.00000000
0.59324800;51.04300000;157.00000000
0.59848330;51.52300000;148.00000000
0.60335580;51.98300000;146.00000000
0.60790660;52.41800000;145.00000000
0.61249760;52.85500000;149.00000000
0.61728980;53.29500000;154.00000000
0.62224300;53.73800000;159.00000000
0.62767960;54.20300000;166.00000000
0.63311610;54.64800000;173.00000000
0.63891520;55.10800000;179.00000000
0.64467410;55.54800000;184.00000000
0.65067410;55.99300000;190.00000000
0.65675530;56.43300000;195.00000000
0.66251370;56.84000000;199.00000000
0.66903760;57.29300000;202.00000000
0.67548100;57.73300000;204.00000000
0.68188410;58.16800000;205.00000000
0.68800490;58.60500000;186.00000000
0.69344160;59.03000000;171.00000000
0.69847550;59.45500000;159.00000000
0.70310650;59.86500000;155.00000000
0.70842260;60.34800000;155.00000000
0.71365750;60.81000000;160.00000000
0.71869150;61.24300000;165.00000000
0.72420800;61.70300000;170.00000000
0.72964530;62.13800000;176.00000000
0.73508160;62.56300000;182.00000000
0.74120260;63.02800000;183.00000000
0.74663950;63.46500000;161.00000000
0.75167310;63.92000000;145.00000000
0.75594190;64.35300000;131.00000000
0.76000930;64.79800000;122.00000000
0.76375420;65.23500000;116.00000000
0.76749950;65.69000000;114.00000000
0.77100310;66.13000000;113.00000000
0.77450650;66.55500000;119.00000000
0.77841280;66.99800000;127.00000000
0.78252050;67.43300000;135.00000000
0.78699060;67.87800000;144.00000000
0.79186330;68.33800000;150.00000000
0.79713880;68.81300000;157.00000000
0.80217140;69.25000000;164.00000000
0.80748700;69.69500000;170.00000000
0.81296550;70.13500000;176.00000000
0.81880430;70.58800000;182.00000000
0.82460350;71.02800000;187.00000000
0.83084550;71.48500000;192.00000000
0.83692480;71.92300000;197.00000000
0.84300890;72.34800000;201.00000000
0.84969100;72.80500000;206.00000000
0.85581300;73.21800000;204.00000000
0.86217600;73.68300000;181.00000000
0.86785420;74.13500000;168.00000000
0.87300890;74.57800000;156.00000000
0.87776080;75.00800000;153.00000000
0.88251270;75.44500000;152.00000000
0.88714390;75.87500000;149.00000000
0.89177500;76.31500000;149.00000000
0.89672880;76.76800000;155.00000000
0.90188290;77.22500000;158.00000000
0.90723890;77.68800000;164.00000000
0.91283680;78.15300000;169.00000000
0.91819240;78.58800000;174.00000000
0.92387110;79.03300000;179.00000000
0.92970990;79.48000000;183.00000000
0.93571050;79.93300000;187.00000000
0.94183160;80.38500000;191.00000000
0.94771120;80.81300000;195.00000000
0.95379200;81.24300000;199.00000000
0.96019490;81.68500000;204.00000000
0.96671890;82.12800000;208.00000000
0.97344400;82.57300000;212.00000000
0.98029020;83.01800000;216.00000000
0.98725130;83.46300000;219.00000000
0.99435090;83.91000000;222.00000000
