0.00066370;0.07000000;233.00000000
0.00823521;0.52000000;236.00000000
0.01596756;0.97500000;239.00000000
0.02365907;1.42700000;229.00000000
0.03070642;1.87700000;208.00000000
0.03719013;2.33200000;189.00000000
0.04290835;2.77500000;170.00000000
0.04806301;3.21500000;158.00000000
0.05305657;3.66700000;149.00000000
0.05792976;4.13500000;141.00000000
0.06252047;4.59500000;137.00000000
0.06695012;5.03700000;139.00000000
0.07162148;5.50500000;142.00000000
0.07605127;5.94500000;140.00000000
0.08040042;6.38700000;139.00000000
0.08507179;6.83700000;150.00000000
0.08994477;7.27700000;158.00000000
0.09513962;7.72500000;164.00000000
0.10053580;8.17000000;170.00000000
0.10593230;8.60200000;176.00000000
0.11165060;9.04700000;181.00000000
0.11744960;9.49000000;185.00000000
0.12345000;9.93500000;188.00000000
0.12896710;10.37000000;167.00000000
0.13371900;10.79200000;146.00000000
0.13798770;11.22700000;128.00000000
0.14177330;11.66700000;110.00000000
0.14487420;12.08700000;97.00000000
0.14765170;12.50000000;87.00000000
0.15006900;12.90500000;80.00000000
0.15252430;13.33200000;77.00000000
0.15506180;13.78200000;76.00000000
0.15739810;14.21500000;73.00000000
0.15985380;14.65200000;80.00000000
0.16239180;15.08500000;81.00000000
0.16480690;15.51700000;78.00000000
0.16718360;15.93200000;86.00000000
0.17012290;16.37000000;98.00000000
0.17338500;16.80500000;111.00000000
0.17700940;17.23200000;122.00000000
0.18107680;17.67700000;133.00000000
0.18530520;18.10000000;144.00000000
0.18993630;18.53500000;154.00000000
0.19484930;18.96700000;159.00000000
0.19968180;19.40500000;148.00000000
0.20419210;19.84700000;137.00000000
0.20842060;20.29500000;124.00000000
0.21212530;20.72200000;116.00000000
0.21554890;21.14200000;110.00000000
0.21881040;21.55200000;108.00000000
0.22211240;21.98700000;105.00000000
0.22533450;22.42700000;102.00000000
0.22859610;22.85500000;112.00000000
0.23218030;23.28500000;120.00000000
0.23608710;23.72700000;126.00000000
0.24015200;24.16000000;136.00000000
0.24450090;24.59200000;145.00000000
0.24893450;25.00700000;153.00000000
0.25376540;25.43500000;159.00000000
0.25855730;25.84500000;166.00000000
0.26367210;26.26700000;172.00000000
0.26918920;26.70200000;179.00000000
0.27458560;27.11700000;185.00000000
0.28062590;27.56500000;190.00000000
0.28622420;27.97700000;182.00000000
0.29166210;28.41700000;162.00000000
0.29661330;28.86700000;145.00000000
0.30104350;29.31500000;131.00000000
0.30503000;29.75500000;120.00000000
0.30873510;30.19700000;112.00000000
0.31223850;30.63700000;107.00000000
0.31537990;31.05200000;103.00000000
0.31856110;31.48200000;101.00000000
0.32174210;31.91000000;102.00000000
0.32496440;32.34200000;106.00000000
0.32834680;32.78000000;110.00000000
0.33172960;33.21200000;107.00000000
0.33519300;33.65700000;114.00000000
0.33893810;34.09700000;121.00000000
0.34292470;34.53700000;130.00000000
0.34727420;34.98700000;139.00000000
0.35186510;35.43200000;148.00000000
0.35669650;35.88000000;155.00000000
0.36164950;36.31200000;162.00000000
0.36672640;36.74000000;170.00000000
0.37276540;37.22200000;177.00000000
0.37864680;37.67700000;184.00000000
0.38440560;38.10700000;190.00000000
0.39048470;38.54700000;195.00000000
0.39692810;39.00500000;200.00000000
0.40349310;39.45500000;205.00000000
0.40993130;39.88700000;210.00000000
0.41686370;40.34500000;215.00000000
0.42386870;40.79500000;219.00000000
0.43131940;41.26200000;224.00000000
0.43860810;41.71000000;229.00000000
0.44613920;42.16200000;234.00000000
0.45403180;42.63000000;238.00000000
0.46192510;43.08700000;243.00000000
0.47014030;43.55500000;246.00000000
0.47860080;44.03000000;246.00000000
0.48644890;44.49700000;222.00000000
0.49329610;44.95000000;199.00000000
0.49949780;45.40700000;179.00000000
0.50513560;45.86200000;166.00000000
0.51045140;46.31700000;160.00000000
0.51520340;46.73200000;158.00000000
0.52043860;47.19200000;159.00000000
0.52551260;47.64000000;157.00000000
0.53062700;48.09200000;156.00000000
0.53574140;48.54000000;162.00000000
0.54113780;48.99500000;168.00000000
0.54645340;49.42700000;174.00000000
0.55205110;49.87000000;180.00000000
0.55768900;50.30000000;185.00000000
0.56360880;50.73700000;191.00000000
0.56964940;51.17200000;196.00000000
0.57601230;51.61700000;200.00000000
0.58181110;52.04200000;181.00000000
0.58720750;52.48200000;160.00000000
0.59199970;52.91700000;145.00000000
0.59618790;53.33200000;137.00000000
0.60069820;53.79000000;135.00000000
0.60504740;54.24000000;134.00000000
0.60931600;54.68500000;134.00000000
0.61382640;55.13700000;142.00000000
0.61837700;55.58500000;146.00000000
0.62300820;56.01500000;153.00000000
0.62812260;56.47000000;160.00000000
0.63323690;56.90200000;168.00000000
0.63887490;57.36000000;177.00000000
0.64455320;57.79700000;184.00000000
0.65059360;58.24500000;191.00000000
0.65675530;58.68700000;198.00000000
0.66299690;59.12200000;202.00000000
0.66968200;59.57700000;206.00000000
0.67616560;60.01200000;209.00000000
0.68232700;60.44200000;191.00000000
0.68784380;60.86700000;171.00000000
0.69328050;61.33700000;154.00000000
0.69791170;61.77000000;143.00000000
0.70266360;62.23700000;139.00000000
0.70713380;62.69200000;138.00000000
0.71156350;63.13000000;144.00000000
0.71639600;63.58500000;151.00000000
0.72126870;64.03200000;153.00000000
0.72622100;64.47500000;160.00000000
0.73125680;64.90000000;168.00000000
0.73697440;65.36200000;176.00000000
0.74249120;65.79500000;175.00000000
0.74760580;66.22700000;156.00000000
0.75259940;66.70000000;138.00000000
0.75682770;67.15500000;122.00000000
0.76033150;67.56700000;113.00000000
0.76399580;68.02700000;107.00000000
0.76721780;68.45000000;107.00000000
0.77047940;68.88000000;104.00000000
0.77394260;69.32700000;113.00000000
0.77772820;69.77200000;123.00000000
0.78183590;70.21500000;133.00000000
0.78618510;70.65500000;142.00000000
0.79077600;71.09200000;151.00000000
0.79625280;71.58000000;160.00000000
0.80168820;72.04200000;167.00000000
0.80696410;72.47500000;175.00000000
0.81272420;72.92500000;182.00000000
0.81856270;73.36200000;188.00000000
0.82496600;73.83000000;195.00000000
0.83120800;74.27000000;200.00000000
0.83740790;74.69500000;206.00000000
0.84401880;75.13700000;211.00000000
0.85057840;75.56500000;212.00000000
0.85690050;76.00500000;189.00000000
0.86249820;76.44000000;169.00000000
0.86773340;76.89500000;152.00000000
0.87248530;77.34500000;142.00000000
0.87691520;77.78500000;139.00000000
0.88146540;78.24200000;140.00000000
0.88613710;78.71500000;136.00000000
0.89056690;79.17200000;134.00000000
0.89487580;79.61000000;142.00000000
0.89974860;80.08200000;143.00000000
0.90421850;80.51000000;149.00000000
0.90945370;80.98700000;156.00000000
0.91481000;81.45500000;163.00000000
0.92008530;81.89500000;169.00000000
0.92568300;82.34700000;176.00000000
0.93152230;82.80000000;182.00000000
0.93744210;83.24700000;188.00000000
0.94336180;83.68000000;193.00000000
0.94956370;84.12200000;198.00000000
0.95560430;84.54200000;203.00000000
0.96196690;84.97200000;208.00000000
0.96869210;85.41700000;214.00000000
0.97553830;85.85700000;218.00000000
0.98226370;86.28200000;223.00000000
0.98918270;86.71200000;227.00000000
0.99608450;87.13200000;230.00000000
