0.00000000;0.05700000
0.00500000;0.61782188
0.01000000;1.16419629
0.01500000;1.68802331
0.02000000;2.19004544
0.02500000;2.67768797
0.03000000;3.15212499
0.03500000;3.61358810
0.04000000;4.06391635
0.04500000;4.50495972
0.05000000;4.93776843
0.05500000;5.36115721
0.06000000;5.77959361
0.06500000;6.19283558
0.07000000;6.59807872
0.07500000;7.00140401
0.08000000;7.39993833
0.08500000;7.79753195
0.09000000;8.20083894
0.09500000;8.64393283
0.10000000;9.13790933
0.10500000;9.71609400
0.11000000;10.42011383
0.11500000;11.34053815
0.12000000;12.57355202
0.12500000;13.90364083
0.13000000;15.03429272
0.13500000;15.97038524
0.14000000;16.72755802
0.14500000;17.39310706
0.15000000;18.00148577
0.15500000;18.60272225
0.16000000;19.20051944
0.16500000;19.78249193
0.17000000;20.36209832
0.17500000;20.93062108
0.18000000;21.48540741
0.18500000;22.01858889
0.19000000;22.53745108
0.19500000;23.03727145
0.20000000;23.52579220
0.20500000;24.00595712
0.21000000;24.48936170
0.21500000;24.99135523
0.22000000;25.50417548
0.22500000;26.04430087
0.23000000;26.66323627
0.23500000;27.34486237
0.24000000;28.04470924
0.24500000;28.73906599
0.25000000;29.52449527
0.25500000;30.34969691
0.26000000;31.09623797
0.26500000;31.80368234
0.27000000;32.56559308
0.27500000;33.35037258
0.28000000;34.07816229
0.28500000;34.82971747
0.29000000;35.59594744
0.29500000;36.32956948
0.30000000;37.01518251
0.30500000;37.67666737
0.31000000;38.41483752
0.31500000;39.18129950
0.32000000;39.93667041
0.32500000;40.64278678
0.33000000;41.29638990
0.33500000;42.04044973
0.34000000;42.97969705
0.34500000;44.02887333
0.35000000;45.07676518
0.35500000;45.94590510
0.36000000;46.84405895
0.36500000;47.82460839
0.37000000;48.75451544
0.37500000;49.52763275
0.38000000;50.21313181
0.38500000;50.83818612
0.39000000;51.42202834
0.39500000;51.97686420
0.40000000;52.53570496
0.40500000;53.09233742
0.41000000;53.62037992
0.41500000;54.12385388
0.42000000;54.61021794
0.42500000;55.08104987
0.43000000;55.54102326
0.43500000;55.98686119
0.44000000;56.43004499
0.44500000;56.90890469
0.45000000;57.44699660
0.45500000;58.07210466
0.46000000;58.85639174
0.46500000;59.91549223
0.47000000;61.27351194
0.47500000;62.60085041
0.48000000;63.66738799
0.48500000;64.53360295
0.49000000;65.26400557
0.49500000;65.91374544
0.50000000;66.51521353
0.50500000;67.07933985
0.51000000;67.61626752
0.51500000;68.12910479
0.52000000;68.62387491
0.52500000;69.10679814
0.53000000;69.57562901
0.53500000;70.03621632
0.54000000;70.48442976
0.54500000;70.92489576
0.55000000;71.35802908
0.55500000;71.78266039
0.56000000;72.20103641
0.56500000;72.61240031
0.57000000;73.01852996
0.57500000;73.41857665
0.58000000;73.81461762
0.58500000;74.20567093
0.59000000;74.59311339
0.59500000;74.97696892
0.60000000;75.35724628
0.60500000;75.73279620
0.61000000;76.10713937
0.61500000;76.47774309
0.62000000;76.84617664
0.62500000;77.21103339
0.63000000;77.57377993
0.63500000;77.93614730
0.64000000;78.29642876
0.64500000;78.65422725
0.65000000;79.01383065
0.65500000;79.39886923
0.66000000;79.81823317
0.66500000;80.28519633
0.67000000;80.80735691
0.67500000;81.41241839
0.68000000;82.15251031
0.68500000;83.12150338
0.69000000;84.43117709
0.69500000;85.83203012
0.70000000;86.87354101
0.70500000;87.69430979
0.71000000;88.40547768
0.71500000;89.06024408
0.72000000;89.79133388
0.72500000;90.70936756
0.73000000;91.84201116
0.73500000;93.06695157
0.74000000;94.20190453
0.74500000;95.20826983
0.75000000;96.06467378
0.75500000;96.81606074
0.76000000;97.48212132
0.76500000;98.16651438
0.77000000;98.97526777
0.77500000;99.99128845
0.78000000;101.35969884
0.78500000;102.79901300
0.79000000;103.95600455
0.79500000;104.86737353
0.80000000;105.63184337
0.80500000;106.30992074
0.81000000;106.93323785
0.81500000;107.53268162
0.82000000;108.14543256
0.82500000;108.77551078
0.83000000;109.41686603
0.83500000;110.09692793
0.84000000;110.80597557
0.84500000;111.51578358
0.85000000;112.17070558
0.85500000;112.78510451
0.86000000;113.40282446
0.86500000;114.01676798
0.87000000;114.61764254
0.87500000;115.19012481
0.88000000;115.76649249
0.88500000;116.32038864
0.89000000;116.84953609
0.89500000;117.35508965
0.90000000;117.86652794
0.90500000;118.44410599
0.91000000;119.11640295
0.91500000;119.88502971
0.92000000;120.70678562
0.92500000;121.55618075
0.93000000;122.29749733
0.93500000;122.96198455
0.94000000;123.57655529
0.94500000;124.15191909
0.95000000;124.69621674
0.95500000;125.25544129
0.96000000;125.91479769
0.96500000;126.74496942
0.97000000;127.84200514
0.97500000;129.10796058
0.98000000;130.21610952
0.98500000;131.12854166
0.99000000;131.89462345
0.99500000;132.57286124
1.00000000;133.16200000
