0.00148806;0.00000000;170.00000000
0.00675435;0.42700000;177.00000000
0.01213917;0.85200000;183.00000000
0.01776320;1.28000000;189.00000000
0.02339048;1.69700000;193.00000000
0.02949423;2.14000000;198.00000000
0.03582459;2.58700000;203.00000000
0.04204280;3.01700000;207.00000000
0.04822141;3.43700000;211.00000000
0.05467737;3.86500000;215.00000000
0.06129169;4.30000000;218.00000000
0.06806474;4.73500000;222.00000000
0.07483948;5.16500000;219.00000000
0.08109894;5.59700000;193.00000000
0.08679873;6.04000000;169.00000000
0.09151170;6.45700000;152.00000000
0.09602692;6.90000000;135.00000000
0.09998811;7.33200000;123.00000000
0.10363160;7.77200000;113.00000000
0.10723520;8.23500000;106.00000000
0.11040500;8.67700000;101.00000000
0.11345390;9.10200000;102.00000000
0.11658250;9.54000000;102.00000000
0.11971200;9.98000000;104.00000000
0.12319730;10.42700000;116.00000000
0.12676200;10.84200000;125.00000000
0.13080180;11.28000000;134.00000000
0.13507940;11.71500000;143.00000000
0.13963300;12.15200000;152.00000000
0.14438530;12.58200000;159.00000000
0.14945910;13.02500000;166.00000000
0.15452640;13.45000000;172.00000000
0.15983370;13.88000000;178.00000000
0.16537870;14.31200000;184.00000000
0.17084440;14.73000000;189.00000000
0.17678540;15.16700000;193.00000000
0.18264720;15.59500000;197.00000000
0.18866770;16.02200000;201.00000000
0.19448970;16.42700000;206.00000000
0.20074770;16.85500000;210.00000000
0.20744130;17.30000000;214.00000000
0.21389640;17.72500000;218.00000000
0.22055280;18.15500000;222.00000000
0.22748240;18.59500000;223.00000000
0.23417600;19.02500000;219.00000000
0.24082970;19.46200000;215.00000000
0.24716710;19.88000000;215.00000000
0.25366140;20.30500000;218.00000000
0.26047390;20.74500000;222.00000000
0.26720800;21.17500000;216.00000000
0.27362630;21.62000000;192.00000000
0.27928820;22.06200000;171.00000000
0.28408070;22.47700000;155.00000000
0.28855570;22.90500000;142.00000000
0.29275620;23.33700000;134.00000000
0.29683380;23.77000000;133.00000000
0.30087380;24.20000000;133.00000000
0.30503260;24.63000000;140.00000000
0.30942930;25.06200000;148.00000000
0.31386500;25.48000000;153.00000000
0.31869830;25.91700000;159.00000000
0.32360530;26.34500000;165.00000000
0.32871810;26.77700000;171.00000000
0.33402510;27.21000000;176.00000000
0.33949090;27.64000000;182.00000000
0.34511500;28.07200000;187.00000000
0.35085800;28.50200000;192.00000000
0.35668040;28.93200000;192.00000000
0.36270040;29.37200000;195.00000000
0.36860170;29.79700000;199.00000000
0.37478060;30.23500000;201.00000000
0.38091990;30.66500000;204.00000000
0.38737550;31.10700000;208.00000000
0.39375230;31.54000000;211.00000000
0.40004970;31.96000000;213.00000000
0.40678330;32.40500000;214.00000000
0.41327870;32.83700000;214.00000000
0.41981380;33.26700000;216.00000000
0.42630880;33.69500000;214.00000000
0.43260730;34.12500000;195.00000000
0.43803220;34.54500000;171.00000000
0.44290450;34.97700000;151.00000000
0.44734060;35.41200000;138.00000000
0.45134090;35.83000000;131.00000000
0.45514290;36.24700000;128.00000000
0.45902450;36.68000000;127.00000000
0.46282690;37.11000000;125.00000000
0.46651030;37.54200000;121.00000000
0.47011450;37.97500000;122.00000000
0.47395630;38.40700000;131.00000000
0.47744180;38.83700000;138.00000000
0.48258430;39.30000000;148.00000000
0.48690010;39.73500000;155.00000000
0.49241490;40.17200000;163.00000000
0.49704720;40.59000000;169.00000000
0.50187930;41.03000000;174.00000000
0.50694900;41.45700000;180.00000000
0.51328610;41.88500000;186.00000000
0.51863180;42.34500000;190.00000000
0.52521590;42.80200000;170.00000000
0.52964280;43.23200000;152.00000000
0.53467380;43.66200000;133.00000000
0.53835710;44.10500000;124.00000000
0.54180310;44.55000000;118.00000000
0.54588260;45.01000000;113.00000000
0.54893210;45.43200000;115.00000000
0.55328890;45.89000000;126.00000000
0.55697240;46.35200000;134.00000000
0.56188370;46.81500000;140.00000000
0.56584430;47.24200000;145.00000000
0.57107250;47.66700000;155.00000000
0.57550850;48.09700000;159.00000000
0.58010290;48.51700000;165.00000000
0.58485570;48.94500000;171.00000000
0.59099480;49.40200000;178.00000000
0.59618320;49.83200000;183.00000000
0.60263930;50.26200000;190.00000000
0.60814450;50.70200000;194.00000000
0.61371990;51.12200000;198.00000000
0.61927350;51.54700000;202.00000000
0.62656160;51.99000000;207.00000000
0.63242380;52.44200000;210.00000000
0.63990930;52.87000000;215.00000000
0.64600870;53.30000000;218.00000000
0.65218750;53.73000000;222.00000000
0.65999000;54.16200000;226.00000000
0.66644610;54.59700000;229.00000000
0.67290050;55.02500000;231.00000000
0.67943620;55.45500000;233.00000000
0.68775480;55.88200000;236.00000000
0.69440950;56.31000000;236.00000000
0.70082370;56.73000000;214.00000000
0.70780190;57.16500000;184.00000000
0.71270850;57.58500000;161.00000000
0.71698450;58.01500000;140.00000000
0.72090520;58.45000000;129.00000000
0.72522530;58.87700000;122.00000000
0.72866800;59.30700000;121.00000000
0.73211300;59.73700000;120.00000000
0.73659070;60.17000000;130.00000000
0.74027130;60.60200000;129.00000000
0.74399630;61.03200000;135.00000000
0.74882820;61.46200000;145.00000000
0.75354140;61.91000000;150.00000000
0.75805660;62.33200000;153.00000000
0.76296470;62.77500000;160.00000000
0.76783740;63.19700000;166.00000000
0.77298780;63.63000000;172.00000000
0.77825760;64.05500000;178.00000000
0.78392000;64.49700000;185.00000000
0.78934600;64.90700000;190.00000000
0.79520800;65.34000000;194.00000000
0.80150560;65.79500000;199.00000000
0.80784260;66.24200000;203.00000000
0.81406090;66.67000000;207.00000000
0.82039660;67.11500000;192.00000000
0.82598350;67.55000000;170.00000000
0.83062400;67.96200000;150.00000000
0.83489300;68.39500000;129.00000000
0.83845850;68.81700000;109.00000000
0.84162750;69.26500000;91.00000000
0.84432020;69.71200000;78.00000000
0.84654080;70.13700000;68.00000000
0.84855890;70.56200000;61.00000000
0.85045800;70.98700000;59.00000000
0.85243950;71.45000000;60.00000000
0.85442000;71.89200000;63.00000000
0.85655840;72.35500000;66.00000000
0.85865700;72.79700000;69.00000000
0.86083420;73.22000000;77.00000000
0.86328940;73.64000000;87.00000000
0.86606290;74.06700000;96.00000000
0.86919260;74.49700000;108.00000000
0.87275530;74.94200000;119.00000000
0.87655720;75.37500000;128.00000000
0.88063230;75.81000000;137.00000000
0.88491370;76.24000000;145.00000000
0.88947210;76.67000000;153.00000000
0.89410480;77.09200000;159.00000000
0.89925370;77.54000000;166.00000000
0.90420460;77.95500000;172.00000000
0.90959110;78.39200000;178.00000000
0.91513610;78.82700000;184.00000000
0.92091880;79.26500000;190.00000000
0.92646600;79.69500000;172.00000000
0.93126620;80.11700000;152.00000000
0.93545390;80.53700000;130.00000000
0.93901880;80.95700000;111.00000000
0.94211000;81.37700000;95.00000000
0.94503960;81.84500000;82.00000000
0.94757130;82.28500000;78.00000000
0.95002930;82.73200000;75.00000000
0.95224710;83.15200000;71.00000000
0.95446490;83.58500000;71.00000000
0.95672370;84.01200000;76.00000000
0.95925720;84.45700000;82.00000000
0.96183250;84.89200000;86.00000000
0.96448550;85.31700000;90.00000000
0.96737810;85.75200000;99.00000000
0.97066240;86.19500000;110.00000000
0.97434370;86.64000000;122.00000000
0.97842090;87.09500000;132.00000000
0.98258430;87.52700000;141.00000000
0.98705090;87.96000000;150.00000000
0.99169340;88.39000000;157.00000000
0.99661310;88.82200000;164.00000000
