0.00077395;0.00000000;169.00000000
0.00623981;0.45200000;176.00000000
0.01154529;0.87000000;183.00000000
0.01740640;1.31500000;190.00000000
0.02323185;1.74200000;196.00000000
0.02905921;2.16000000;201.00000000
0.03530997;2.59500000;206.00000000
0.04180517;3.03500000;211.00000000
0.04841943;3.47200000;216.00000000
0.05515266;3.91000000;221.00000000
0.06176697;4.33200000;225.00000000
0.06869848;4.76500000;225.00000000
0.07519656;5.19500000;202.00000000
0.08105958;5.62500000;182.00000000
0.08648191;6.07200000;163.00000000
0.09107600;6.49200000;147.00000000
0.09531410;6.91700000;133.00000000
0.09911651;7.34200000;121.00000000
0.10272060;7.78000000;111.00000000
0.10600710;8.20500000;105.00000000
0.10917690;8.64000000;100.00000000
0.11218660;9.07200000;98.00000000
0.11511750;9.50200000;99.00000000
0.11820650;9.93500000;104.00000000
0.12149430;10.36500000;113.00000000
0.12513810;10.80000000;122.00000000
0.12913830;11.24000000;133.00000000
0.13337620;11.67700000;142.00000000
0.13789180;12.11200000;151.00000000
0.14267870;12.54700000;159.00000000
0.14739710;12.96000000;166.00000000
0.15258560;13.39000000;174.00000000
0.15797220;13.82200000;180.00000000
0.16355690;14.25500000;186.00000000
0.16937900;14.69000000;192.00000000
0.17524080;15.11700000;197.00000000
0.18130010;15.55000000;202.00000000
0.18740050;15.97500000;206.00000000
0.19353920;16.39500000;209.00000000
0.19991590;16.82200000;214.00000000
0.20653030;17.25500000;219.00000000
0.21322310;17.68500000;222.00000000
0.22007720;18.11700000;226.00000000
0.22672980;18.55000000;213.00000000
0.23306690;18.98000000;205.00000000
0.23912680;19.41000000;198.00000000
0.24534530;19.85700000;199.00000000
0.25140510;20.28500000;203.00000000
0.25789820;20.73200000;209.00000000
0.26459390;21.18200000;210.00000000
0.27077590;21.62000000;189.00000000
0.27619780;22.04500000;172.00000000
0.28126860;22.48200000;157.00000000
0.28578380;22.90500000;144.00000000
0.28998210;23.33200000;134.00000000
0.29394350;23.75700000;129.00000000
0.29778450;24.18000000;127.00000000
0.30170550;24.61000000;132.00000000
0.30586460;25.04500000;140.00000000
0.31022140;25.47200000;148.00000000
0.31477600;25.90200000;151.00000000
0.31957040;26.34000000;158.00000000
0.32459630;26.78000000;165.00000000
0.32978810;27.21700000;172.00000000
0.33517370;27.65200000;178.00000000
0.34083750;28.09500000;184.00000000
0.34650100;28.52200000;190.00000000
0.35236330;28.95500000;193.00000000
0.35822490;29.38200000;194.00000000
0.36420540;29.81500000;198.00000000
0.37026510;30.24500000;202.00000000
0.37616710;30.65500000;205.00000000
0.38258320;31.09500000;209.00000000
0.38899950;31.52500000;213.00000000
0.39545540;31.95000000;217.00000000
0.40210890;32.38000000;220.00000000
0.40912030;32.83700000;214.00000000
0.41620970;33.31000000;214.00000000
0.42282370;33.74700000;214.00000000
0.42916230;34.18500000;198.00000000
0.43474800;34.61000000;176.00000000
0.43977560;35.03700000;156.00000000
0.44433030;35.47500000;141.00000000
0.44860770;35.91700000;131.00000000
0.45260830;36.36000000;125.00000000
0.45637090;36.78500000;124.00000000
0.46017310;37.22500000;124.00000000
0.46401500;37.67500000;120.00000000
0.46757980;38.11000000;116.00000000
0.47118390;38.55200000;121.00000000
0.47514440;39.00000000;130.00000000
0.47922440;39.42500000;139.00000000
0.48361020;39.85700000;149.00000000
0.48821040;40.28200000;156.00000000
0.49320840;40.72500000;164.00000000
0.49827510;41.17000000;171.00000000
0.50326550;41.61200000;178.00000000
0.50964220;42.05700000;185.00000000
0.51467190;42.50200000;189.00000000
0.52005940;42.93000000;183.00000000
0.52612410;43.36200000;158.00000000
0.53031600;43.79500000;141.00000000
0.53411930;44.23700000;129.00000000
0.53851560;44.66200000;120.00000000
0.54200110;45.08500000;115.00000000
0.54509040;45.52000000;113.00000000
0.54897170;45.96700000;108.00000000
0.55198210;46.40500000;113.00000000
0.55618040;46.84000000;125.00000000
0.55982410;47.27000000;133.00000000
0.56374520;47.69200000;139.00000000
0.56770580;48.11200000;146.00000000
0.57305270;48.54700000;153.00000000
0.57752850;48.97000000;160.00000000
0.58216270;49.40000000;167.00000000
0.58679620;49.83200000;173.00000000
0.59309410;50.26000000;180.00000000
0.59832190;50.66500000;186.00000000
0.60366900;51.10200000;192.00000000
0.61059770;51.55000000;198.00000000
0.61625770;52.00200000;203.00000000
0.62193040;52.41500000;208.00000000
0.62790830;52.83500000;212.00000000
0.63543390;53.27200000;217.00000000
0.64157270;53.70500000;221.00000000
0.64787030;54.13000000;225.00000000
0.65602930;54.56700000;229.00000000
0.66248540;54.99200000;232.00000000
0.66906020;55.43000000;235.00000000
0.67749380;55.86500000;239.00000000
0.68419020;56.29200000;242.00000000
0.69266650;56.74700000;226.00000000
0.69868580;57.19500000;206.00000000
0.70415410;57.62700000;184.00000000
0.71025380;58.08200000;161.00000000
0.71472310;58.51700000;143.00000000
0.71935990;58.93700000;128.00000000
0.72304500;59.38500000;122.00000000
0.72637240;59.82500000;118.00000000
0.73044900;60.25200000;112.00000000
0.73373830;60.67200000;115.00000000
0.73714480;61.11700000;121.00000000
0.74126240;61.55700000;123.00000000
0.74490710;61.99000000;131.00000000
0.74954110;62.42700000;141.00000000
0.75385830;62.85000000;146.00000000
0.75825450;63.28200000;145.00000000
0.76280620;63.71200000;153.00000000
0.76748070;64.13500000;160.00000000
0.77247210;64.56700000;168.00000000
0.77758400;64.99000000;174.00000000
0.78281100;65.40500000;181.00000000
0.78823700;65.82200000;187.00000000
0.79405940;66.25700000;193.00000000
0.80011960;66.69500000;198.00000000
0.80625830;67.12700000;203.00000000
0.81255580;67.56200000;207.00000000
0.81853640;67.99200000;187.00000000
0.82396130;68.42700000;167.00000000
0.82868080;68.85700000;148.00000000
0.83275780;69.27500000;129.00000000
0.83659420;69.72200000;111.00000000
0.83968650;70.14500000;97.00000000
0.84249810;70.57700000;85.00000000
0.84507350;71.03500000;73.00000000
0.84713540;71.45000000;65.00000000
0.84907160;71.87500000;59.00000000
0.85097320;72.30700000;59.00000000
0.85287540;72.73700000;59.00000000
0.85477660;73.16700000;64.00000000
0.85687510;73.60000000;70.00000000
0.85909230;74.03000000;75.00000000
0.86138880;74.45700000;80.00000000
0.86380430;74.88000000;85.00000000
0.86649870;75.31200000;92.00000000
0.86946950;75.74700000;103.00000000
0.87275530;76.18000000;113.00000000
0.87639900;76.61000000;122.00000000
0.88027740;77.04200000;132.00000000
0.88443820;77.47000000;141.00000000
0.88887740;77.90200000;150.00000000
0.89366920;78.34500000;157.00000000
0.89854090;78.77200000;164.00000000
0.90361050;79.20000000;171.00000000
0.90891780;79.63000000;178.00000000
0.91466080;80.07700000;185.00000000
0.92036430;80.51000000;185.00000000
0.92563280;80.93500000;168.00000000
0.93051020;81.37500000;146.00000000
0.93466520;81.80500000;127.00000000
0.93826560;82.23700000;110.00000000
0.94143690;82.67200000;96.00000000
0.94416880;83.10200000;84.00000000
0.94662290;83.52500000;78.00000000
0.94895820;83.95000000;75.00000000
0.95125760;84.37700000;72.00000000
0.95343450;84.80500000;69.00000000
0.95557430;85.22000000;72.00000000
0.95787140;85.65000000;77.00000000
0.96036640;86.08000000;86.00000000
0.96305980;86.51000000;92.00000000
0.96587210;86.94700000;91.00000000
0.96860730;87.37700000;95.00000000
0.97176870;87.81700000;108.00000000
0.97533480;88.25500000;121.00000000
0.97929370;88.70200000;131.00000000
0.98349460;89.14000000;141.00000000
0.98776600;89.55700000;149.00000000
0.99260610;90.00200000;157.00000000
0.99756460;90.43700000;165.00000000
