0.00067382;0.08500000;160.00000000
0.00514047;0.51700000;163.00000000
0.00961436;0.94000000;167.00000000
0.01417114;1.36000000;170.00000000
0.01899619;1.79500000;173.00000000
0.02388426;2.23200000;176.00000000
0.02910468;2.68700000;179.00000000
0.03454676;3.15500000;182.00000000
0.03979976;3.60200000;184.00000000
0.04501991;4.03700000;187.00000000
0.05041832;4.48500000;189.00000000
0.05569042;4.91500000;191.00000000
0.06110968;5.35200000;193.00000000
0.06688860;5.81500000;195.00000000
0.07242341;6.25000000;198.00000000
0.07777932;6.67000000;200.00000000
0.08324266;7.09000000;202.00000000
0.08885252;7.52000000;204.00000000
0.09463222;7.95500000;207.00000000
0.10017110;8.37000000;209.00000000
0.10603700;8.80200000;211.00000000
0.11201500;9.24500000;204.00000000
0.11764180;9.69200000;186.00000000
0.12270290;10.13500000;169.00000000
0.12704580;10.56000000;150.00000000
0.13091880;10.98000000;133.00000000
0.13444690;11.42000000;117.00000000
0.13753280;11.85200000;102.00000000
0.14021750;12.28500000;91.00000000
0.14273980;12.73700000;81.00000000
0.14501760;13.18200000;76.00000000
0.14711510;13.60200000;74.00000000
0.14921930;14.03500000;73.00000000
0.15127750;14.47000000;72.00000000
0.15333630;14.89200000;74.00000000
0.15546660;15.32000000;79.00000000
0.15774820;15.74200000;86.00000000
0.16024940;16.17700000;90.00000000
0.16274580;16.59500000;95.00000000
0.16552810;17.03000000;101.00000000
0.16845330;17.45700000;107.00000000
0.17163870;17.90700000;113.00000000
0.17503990;18.35700000;119.00000000
0.17862000;18.81200000;124.00000000
0.18223700;19.25700000;129.00000000
0.18625170;19.72700000;135.00000000
0.19030310;20.18500000;139.00000000
0.19420680;20.61500000;142.00000000
0.19858250;21.08500000;147.00000000
0.20285360;21.52700000;151.00000000
0.20726720;21.97700000;154.00000000
0.21182250;22.43000000;158.00000000
0.21623570;22.85700000;162.00000000
0.22068440;23.28000000;165.00000000
0.22538640;23.71500000;168.00000000
0.23005210;24.14200000;172.00000000
0.23471810;24.56000000;175.00000000
0.23945620;24.99500000;161.00000000
0.24376020;25.43000000;145.00000000
0.24759460;25.86700000;129.00000000
0.25106550;26.31200000;115.00000000
0.25432330;26.77500000;103.00000000
0.25725050;27.23000000;95.00000000
0.26014330;27.71000000;89.00000000
0.26281780;28.17700000;86.00000000
0.26539500;28.64000000;85.00000000
0.26781490;29.07500000;84.00000000
0.27027180;29.52000000;85.00000000
0.27265780;29.94500000;87.00000000
0.27508230;30.37200000;90.00000000
0.27761530;30.79200000;95.00000000
0.28047110;31.24200000;101.00000000
0.28322070;31.65000000;107.00000000
0.28640410;32.09200000;114.00000000
0.28972950;32.53200000;120.00000000
0.29316650;32.96200000;126.00000000
0.29674530;33.39500000;131.00000000
0.30058270;33.83500000;136.00000000
0.30459190;34.28500000;140.00000000
0.30832230;34.69700000;139.00000000
0.31240900;35.15500000;140.00000000
0.31656340;35.61000000;144.00000000
0.32050330;36.03000000;147.00000000
0.32485160;36.48000000;151.00000000
0.32922820;36.92200000;155.00000000
0.33378330;37.37000000;159.00000000
0.33848730;37.82500000;162.00000000
0.34323050;38.27500000;166.00000000
0.34784650;38.70000000;169.00000000
0.35254960;39.13000000;172.00000000
0.35726140;39.55200000;174.00000000
0.36228940;39.99500000;177.00000000
0.36734890;40.43700000;179.00000000
0.37237650;40.87000000;181.00000000
0.37744030;41.30000000;183.00000000
0.38243150;41.72000000;185.00000000
0.38764060;42.15200000;187.00000000
0.39277790;42.57700000;188.00000000
0.39798460;43.00700000;188.00000000
0.40293710;43.43500000;171.00000000
0.40746040;43.86700000;153.00000000
0.41136990;44.28700000;138.00000000
0.41516540;44.72700000;130.00000000
0.41874540;45.15700000;129.00000000
0.42228940;45.58500000;127.00000000
0.42583390;46.01500000;129.00000000
0.42945160;46.44500000;133.00000000
0.43314100;46.87000000;136.00000000
0.43704530;47.30700000;140.00000000
0.44102490;47.74500000;143.00000000
0.44514820;48.18700000;146.00000000
0.44919970;48.61000000;150.00000000
0.45343140;49.05200000;141.00000000
0.45708390;49.48000000;126.00000000
0.46041130;49.91000000;114.00000000
0.46337830;50.33000000;105.00000000
0.46623400;50.75700000;100.00000000
0.46912850;51.20500000;99.00000000
0.47198720;51.65000000;99.00000000
0.47480650;52.09700000;98.00000000
0.47752020;52.53000000;99.00000000
0.48019600;52.95500000;98.00000000
0.48290840;53.38700000;100.00000000
0.48580320;53.83000000;103.00000000
0.48884000;54.28000000;107.00000000
0.49158920;54.71700000;111.00000000
0.49462690;55.15700000;115.00000000
0.49835290;55.58500000;120.00000000
0.50150100;56.01200000;124.00000000
0.50475330;56.45700000;128.00000000
0.50898360;56.89000000;132.00000000
0.51242190;57.33500000;136.00000000
0.51683530;57.76500000;140.00000000
0.52052400;58.19500000;143.00000000
0.52428630;58.63200000;146.00000000
0.52906020;59.07200000;150.00000000
0.53293090;59.50700000;142.00000000
0.53629520;59.94500000;125.00000000
0.53998490;60.38000000;106.00000000
0.54266440;60.79700000;93.00000000
0.54490520;61.23200000;83.00000000
0.54754380;61.67500000;77.00000000
0.54956720;62.10500000;76.00000000
0.55158980;62.54200000;77.00000000
0.55412540;62.97200000;83.00000000
0.55636850;63.40500000;89.00000000
0.55875400;63.86000000;92.00000000
0.56179130;64.30000000;98.00000000
0.56435940;64.74700000;103.00000000
0.56779710;65.18700000;110.00000000
0.57076290;65.64000000;115.00000000
0.57459680;66.09200000;121.00000000
0.57774320;66.53500000;125.00000000
0.58183040;66.97000000;131.00000000
0.58533910;67.41000000;131.00000000
0.58855820;67.84200000;118.00000000
0.59213890;68.28200000;108.00000000
0.59492390;68.72500000;105.00000000
0.59763680;69.16000000;106.00000000
0.60114360;69.58000000;107.00000000
0.60382070;70.01200000;108.00000000
0.60671250;70.45000000;112.00000000
0.61047640;70.90000000;118.00000000
0.61366110;71.33500000;122.00000000
0.61748930;71.78000000;115.00000000
0.62027710;72.21200000;106.00000000
0.62306360;72.64700000;101.00000000
0.62624660;73.08700000;99.00000000
0.62877880;73.52000000;98.00000000
0.63126900;73.96500000;95.00000000
0.63431230;74.40200000;97.00000000
0.63688210;74.83000000;101.00000000
0.64017000;75.26700000;106.00000000
0.64309840;75.71000000;111.00000000
0.64599100;76.13700000;115.00000000
0.64975810;76.57000000;121.00000000
0.65297960;76.99500000;125.00000000
0.65622840;77.42000000;129.00000000
0.65962640;77.85500000;133.00000000
0.66404360;78.27700000;138.00000000
0.66766040;78.70700000;141.00000000
0.67134750;79.14200000;143.00000000
0.67597720;79.57500000;146.00000000
0.67970200;80.01500000;148.00000000
0.68360920;80.43500000;149.00000000
0.68838390;80.86700000;153.00000000
0.69247470;81.29700000;156.00000000
0.69655440;81.72500000;159.00000000
0.70053520;82.15700000;147.00000000
0.70505780;82.59700000;135.00000000
0.70845990;83.02500000;129.00000000
0.71167660;83.45200000;126.00000000
0.71569060;83.90000000;125.00000000
0.71898260;84.34500000;122.00000000
0.72292410;84.79700000;125.00000000
0.72625250;85.25000000;128.00000000
0.73048560;85.69000000;131.00000000
0.73381180;86.13700000;134.00000000
0.73818760;86.57500000;138.00000000
0.74195020;87.03500000;142.00000000
0.74647100;87.49200000;146.00000000
0.75030550;87.95200000;149.00000000
0.75522140;88.40700000;154.00000000
0.75923370;88.85700000;157.00000000
0.76430260;89.30000000;161.00000000
0.76842560;89.74000000;165.00000000
0.77395930;90.18500000;169.00000000
0.77869840;90.61700000;172.00000000
0.78375460;91.07000000;175.00000000
0.78888770;91.52700000;166.00000000
0.79345580;91.97700000;148.00000000
0.79737010;92.41700000;130.00000000
0.80062340;92.83000000;114.00000000
0.80369370;93.27000000;100.00000000
0.80633370;93.70500000;89.00000000
0.80864640;94.11500000;84.00000000
0.81103210;94.55000000;83.00000000
0.81349120;95.00000000;83.00000000
0.81591420;95.43700000;87.00000000
0.81848240;95.88200000;91.00000000
0.82108650;96.31000000;97.00000000
0.82383540;96.73500000;103.00000000
0.82687400;97.17700000;109.00000000
0.82998550;97.61000000;115.00000000
0.83334880;98.05200000;121.00000000
0.83674790;98.48000000;126.00000000
0.84032890;98.91000000;131.00000000
0.84416330;99.35700000;135.00000000
0.84803310;99.79200000;139.00000000
0.85175690;100.22200000;127.00000000
0.85512200;100.65200000;113.00000000
0.85816260;101.09200000;101.00000000
0.86087360;101.53200000;91.00000000
0.86333370;101.96200000;83.00000000
0.86564750;102.40200000;79.00000000
0.86795980;102.83700000;81.00000000
0.87031320;103.28700000;80.00000000
0.87270330;103.74700000;78.00000000
0.87490460;104.16700000;80.00000000
0.87722110;104.61200000;82.00000000
0.87961270;105.05000000;87.00000000
0.88221230;105.50000000;88.00000000
0.88463500;105.92500000;89.00000000
0.88720450;106.36700000;89.00000000
0.88976870;106.79700000;93.00000000
0.89251350;107.23700000;99.00000000
0.89534050;107.66700000;104.00000000
0.89826820;108.09700000;109.00000000
0.90127710;108.51700000;113.00000000
0.90453590;108.95200000;118.00000000
0.90786230;109.37700000;123.00000000
0.91136720;109.81200000;127.00000000
0.91494510;110.25000000;123.00000000
0.91816460;110.67000000;114.00000000
0.92123690;111.09700000;109.00000000
0.92424090;111.52700000;105.00000000
0.92720690;111.97000000;101.00000000
0.92999170;112.40000000;98.00000000
0.93281250;112.84000000;98.00000000
0.93556050;113.27000000;98.00000000
0.93827410;113.69500000;98.00000000
0.94105730;114.13200000;99.00000000
0.94387980;114.56500000;102.00000000
0.94677540;115.00000000;105.00000000
0.94970320;115.42700000;106.00000000
0.95270580;115.85700000;110.00000000
0.95588800;116.29200000;115.00000000
0.95914370;116.72000000;119.00000000
0.96243510;117.14200000;124.00000000
0.96590720;117.56700000;128.00000000
0.96938090;117.98000000;132.00000000
0.97310200;118.41000000;137.00000000
0.97697060;118.84000000;141.00000000
0.98080850;119.26000000;144.00000000
0.98486340;119.69000000;147.00000000
0.98902360;120.12200000;151.00000000
0.99328890;120.55500000;155.00000000
0.99762980;120.98500000;158.00000000
