0.00145439;0.14500000;190.00000000
0.00692608;0.58700000;194.00000000
0.01228225;1.01000000;198.00000000
0.01779722;1.43700000;202.00000000
0.02377488;1.89000000;206.00000000
0.02973265;2.33700000;209.00000000
0.03566955;2.77500000;212.00000000
0.04172147;3.21200000;216.00000000
0.04813249;3.67000000;219.00000000
0.05425400;4.10200000;222.00000000
0.06057071;4.54000000;225.00000000
0.06685258;4.97200000;227.00000000
0.07339873;5.41700000;230.00000000
0.07962517;5.83500000;233.00000000
0.08595689;6.25500000;235.00000000
0.09253688;6.68700000;237.00000000
0.09901328;7.10700000;240.00000000
0.10556620;7.53200000;241.00000000
0.11226730;7.96200000;241.00000000
0.11868460;8.39700000;214.00000000
0.12425350;8.82700000;189.00000000
0.12940060;9.28500000;162.00000000
0.13367260;9.73000000;136.00000000
0.13727890;10.17500000;115.00000000
0.14025330;10.60200000;99.00000000
0.14284820;11.03500000;88.00000000
0.14519860;11.45000000;82.00000000
0.14747900;11.88000000;80.00000000
0.14983360;12.33000000;77.00000000
0.15221600;12.78200000;80.00000000
0.15449180;13.21500000;84.00000000
0.15695100;13.64500000;93.00000000
0.15977800;14.09000000;101.00000000
0.16281850;14.53000000;109.00000000
0.16599730;14.96200000;119.00000000
0.16953940;15.40000000;129.00000000
0.17326690;15.83500000;137.00000000
0.17717320;16.26700000;143.00000000
0.18126050;16.70000000;150.00000000
0.18552830;17.13000000;157.00000000
0.18994100;17.55500000;164.00000000
0.19464020;17.99200000;170.00000000
0.19952230;18.43000000;175.00000000
0.20451990;18.86700000;180.00000000
0.20961720;19.30200000;185.00000000
0.21471670;19.72500000;189.00000000
0.22035890;20.18000000;194.00000000
0.22578430;20.60700000;199.00000000
0.23171600;21.06700000;203.00000000
0.23743070;21.50000000;199.00000000
0.24249430;21.92500000;173.00000000
0.24701570;22.35700000;150.00000000
0.25092090;22.79000000;130.00000000
0.25428710;23.21700000;115.00000000
0.25739490;23.65200000;105.00000000
0.26025180;24.08700000;98.00000000
0.26292690;24.51200000;94.00000000
0.26553910;24.94200000;92.00000000
0.26803150;25.35500000;91.00000000
0.27056110;25.77200000;93.00000000
0.27312840;26.18700000;97.00000000
0.27591450;26.62500000;101.00000000
0.27873400;27.04500000;107.00000000
0.28191800;27.48500000;117.00000000
0.28531900;27.91700000;127.00000000
0.28907940;28.35500000;137.00000000
0.29298580;28.78700000;144.00000000
0.29717990;29.22500000;152.00000000
0.30159600;29.66500000;159.00000000
0.30589690;30.08200000;162.00000000
0.31034680;30.51000000;160.00000000
0.31504840;30.95500000;167.00000000
0.31988870;31.39700000;172.00000000
0.32481550;31.83500000;177.00000000
0.32980660;32.26500000;182.00000000
0.33486900;32.69000000;187.00000000
0.34019010;33.12500000;192.00000000
0.34561100;33.56000000;196.00000000
0.35120840;34.00000000;200.00000000
0.35682650;34.43000000;204.00000000
0.36268680;34.87200000;207.00000000
0.36850580;35.30700000;209.00000000
0.37443820;35.74500000;212.00000000
0.38047770;36.18200000;215.00000000
0.38655710;36.62000000;217.00000000
0.39277790;37.06200000;219.00000000
0.39896090;37.49700000;220.00000000
0.40485310;37.94000000;195.00000000
0.40999340;38.38000000;171.00000000
0.41455110;38.81700000;152.00000000
0.41874540;39.24700000;150.00000000
0.42297660;39.68700000;149.00000000
0.42720830;40.12200000;154.00000000
0.43165870;40.56200000;160.00000000
0.43621310;40.99500000;166.00000000
0.44088010;41.42500000;172.00000000
0.44554600;41.84200000;176.00000000
0.45064650;42.28500000;177.00000000
0.45534810;42.73000000;152.00000000
0.45943390;43.17200000;133.00000000
0.46287210;43.59700000;119.00000000
0.46616180;44.03500000;112.00000000
0.46916470;44.45500000;110.00000000
0.47231280;44.89500000;110.00000000
0.47524060;45.31200000;108.00000000
0.47828030;45.74500000;110.00000000
0.48124440;46.16700000;112.00000000
0.48439190;46.60700000;112.00000000
0.48757440;47.03700000;119.00000000
0.49101050;47.47000000;127.00000000
0.49466310;47.90500000;134.00000000
0.49864230;48.35200000;140.00000000
0.50254850;48.77700000;146.00000000
0.50670480;49.21000000;152.00000000
0.51090190;49.63000000;158.00000000
0.51531630;50.05500000;164.00000000
0.51990900;50.48000000;169.00000000
0.52439480;50.88500000;174.00000000
0.52931340;51.32000000;178.00000000
0.53419740;51.77000000;154.00000000
0.53828360;52.21500000;131.00000000
0.54168510;52.65500000;109.00000000
0.54443440;53.07500000;93.00000000
0.54692980;53.50700000;84.00000000
0.54938640;53.95000000;83.00000000
0.55180680;54.38500000;86.00000000
0.55437870;54.82700000;96.00000000
0.55723570;55.26200000;103.00000000
0.56034420;55.71000000;110.00000000
0.56359760;56.15000000;119.00000000
0.56700130;56.57700000;128.00000000
0.57076290;57.01700000;137.00000000
0.57474140;57.45700000;143.00000000
0.57871980;57.88200000;150.00000000
0.58309660;58.32200000;156.00000000
0.58740030;58.77000000;140.00000000
0.59116310;59.21000000;124.00000000
0.59463470;59.65500000;118.00000000
0.59807120;60.10000000;119.00000000
0.60125200;60.50700000;121.00000000
0.60465230;60.94000000;125.00000000
0.60841140;61.38700000;134.00000000
0.61206820;61.80200000;140.00000000
0.61586510;62.21700000;137.00000000
0.61966090;62.67200000;121.00000000
0.62299140;63.11200000;112.00000000
0.62610200;63.54500000;110.00000000
0.62921320;63.98500000;109.00000000
0.63228360;64.43200000;106.00000000
0.63543370;64.88000000;115.00000000
0.63879530;65.31500000;124.00000000
0.64248300;65.76200000;132.00000000
0.64628100;66.19500000;138.00000000
0.65030090;66.63500000;145.00000000
0.65446010;67.07000000;152.00000000
0.65879640;67.50500000;158.00000000
0.66335530;67.94200000;164.00000000
0.66809410;68.38000000;169.00000000
0.67297490;68.82200000;173.00000000
0.67785790;69.25500000;175.00000000
0.68277670;69.69000000;178.00000000
0.68791520;70.13200000;182.00000000
0.69323590;70.58000000;187.00000000
0.69854620;71.02000000;181.00000000
0.70342920;71.46000000;162.00000000
0.70777180;71.89000000;150.00000000
0.71192970;72.32700000;145.00000000
0.71597990;72.76200000;144.00000000
0.71992280;73.19000000;143.00000000
0.72393690;73.62200000;147.00000000
0.72824330;74.06500000;153.00000000
0.73261850;74.50200000;157.00000000
0.73724750;74.95000000;163.00000000
0.74198630;75.38700000;169.00000000
0.74668810;75.81200000;175.00000000
0.75153650;76.23700000;179.00000000
0.75677590;76.68500000;185.00000000
0.76209560;77.12500000;190.00000000
0.76777520;77.58500000;195.00000000
0.77330830;78.02000000;199.00000000
0.77906020;78.46200000;204.00000000
0.78494730;78.90700000;206.00000000
0.79044830;79.34200000;185.00000000
0.79526980;79.77500000;162.00000000
0.79953780;80.22000000;135.00000000
0.80322280;80.67500000;114.00000000
0.80615310;81.10200000;99.00000000
0.80871860;81.52000000;91.00000000
0.81146600;81.97700000;92.00000000
0.81417850;82.42500000;94.00000000
0.81692560;82.85700000;99.00000000
0.81985590;83.31000000;103.00000000
0.82293280;83.75000000;112.00000000
0.82622270;84.18500000;122.00000000
0.82980460;84.62000000;131.00000000
0.83367430;85.06500000;139.00000000
0.83772460;85.50200000;146.00000000
0.84192060;85.93700000;154.00000000
0.84629750;86.37000000;160.00000000
0.85081790;86.81000000;149.00000000
0.85475970;87.24700000;129.00000000
0.85798130;87.66000000;113.00000000
0.86094610;88.09200000;99.00000000
0.86365910;88.53200000;90.00000000
0.86615320;88.96200000;86.00000000
0.86857540;89.38700000;88.00000000
0.87107400;89.83000000;87.00000000
0.87353150;90.26500000;86.00000000
0.87606290;90.70700000;89.00000000
0.87870730;91.15200000;95.00000000
0.88148920;91.59200000;97.00000000
0.88434570;92.03200000;101.00000000
0.88731270;92.48500000;102.00000000
0.89027380;92.91500000;110.00000000
0.89356680;93.35500000;119.00000000
0.89696720;93.78200000;128.00000000
0.90066050;94.21500000;135.00000000
0.90453590;94.65200000;141.00000000
0.90854840;95.08200000;148.00000000
0.91284840;95.52500000;149.00000000
0.91689850;95.97000000;133.00000000
0.92051470;96.40500000;123.00000000
0.92395140;96.84500000;118.00000000
0.92724310;97.28200000;113.00000000
0.93031720;97.70700000;110.00000000
0.93342680;98.14500000;109.00000000
0.93664560;98.59200000;109.00000000
0.93979450;99.03500000;110.00000000
0.94293920;99.46700000;114.00000000
0.94626840;99.91200000;116.00000000
0.94963080;100.36000000;119.00000000
0.95317630;100.81200000;126.00000000
0.95682850;101.24700000;134.00000000
0.96080780;101.69500000;140.00000000
0.96482210;102.13000000;146.00000000
0.96916340;102.57700000;153.00000000
0.97346290;103.00200000;160.00000000
0.97805960;103.44000000;166.00000000
0.98287140;103.88000000;172.00000000
0.98782850;104.32000000;177.00000000
0.99296380;104.76500000;182.00000000
0.99813540;105.20000000;187.00000000
