0.00123419;0.14200000;171.00000000
0.00597801;0.56700000;175.00000000
0.01118272;1.02200000;179.00000000
0.01638588;1.47000000;182.00000000
0.02163487;1.91500000;185.00000000
0.02702946;2.36200000;189.00000000
0.03227033;2.79000000;192.00000000
0.03762680;3.22000000;194.00000000
0.04295210;3.64200000;196.00000000
0.04838355;4.07200000;198.00000000
0.05400088;4.51000000;200.00000000
0.05992255;4.96500000;203.00000000
0.06559063;5.39700000;205.00000000
0.07137369;5.83200000;207.00000000
0.07698255;6.25200000;209.00000000
0.08277246;6.68000000;211.00000000
0.08878005;7.11700000;213.00000000
0.09532027;7.59200000;216.00000000
0.10183890;8.05700000;218.00000000
0.10788570;8.48700000;220.00000000
0.11442550;8.96000000;204.00000000
0.11991120;9.40000000;184.00000000
0.12483180;9.83500000;166.00000000
0.12914760;10.26500000;147.00000000
0.13289490;10.68500000;129.00000000
0.13619210;11.10500000;113.00000000
0.13916350;11.54200000;98.00000000
0.14179970;11.98200000;87.00000000
0.14429410;12.43500000;80.00000000
0.14660850;12.88200000;77.00000000
0.14900230;13.35000000;75.00000000
0.15106110;13.76700000;74.00000000
0.15337250;14.22700000;78.00000000
0.15575620;14.67500000;84.00000000
0.15821960;15.10500000;94.00000000
0.16093810;15.53500000;99.00000000
0.16379570;15.96700000;105.00000000
0.16679120;16.39000000;111.00000000
0.16990170;16.81000000;118.00000000
0.17333920;17.24500000;124.00000000
0.17692000;17.68200000;130.00000000
0.18086250;18.13700000;137.00000000
0.18505810;18.60500000;143.00000000
0.18928970;19.05200000;147.00000000
0.19348490;19.48700000;152.00000000
0.19793290;19.93500000;156.00000000
0.20231090;20.36500000;160.00000000
0.20690680;20.80200000;164.00000000
0.21185860;21.26500000;169.00000000
0.21663350;21.70000000;172.00000000
0.22137160;22.12000000;176.00000000
0.22618210;22.54000000;180.00000000
0.23120960;22.97000000;183.00000000
0.23638180;23.40500000;181.00000000
0.24097520;23.82000000;163.00000000
0.24527950;24.25200000;145.00000000
0.24914990;24.69500000;128.00000000
0.25265810;25.14200000;114.00000000
0.25577010;25.58500000;103.00000000
0.25851510;26.01000000;97.00000000
0.26111830;26.43000000;92.00000000
0.26372690;26.87000000;89.00000000
0.26622360;27.30200000;87.00000000
0.26871750;27.73500000;86.00000000
0.27131990;28.18700000;89.00000000
0.27392440;28.63200000;92.00000000
0.27652950;29.05200000;97.00000000
0.27931270;29.48500000;102.00000000
0.28228000;29.92000000;110.00000000
0.28539130;30.34200000;117.00000000
0.28871790;30.77000000;124.00000000
0.29219090;31.19200000;131.00000000
0.29598570;31.62700000;138.00000000
0.29974990;32.04500000;143.00000000
0.30386660;32.48000000;147.00000000
0.30792530;32.90700000;147.00000000
0.31219200;33.35700000;148.00000000
0.31656340;33.80700000;152.00000000
0.32108260;34.26200000;157.00000000
0.32564700;34.70700000;161.00000000
0.33060180;35.17700000;165.00000000
0.33552040;35.63500000;169.00000000
0.34029880;36.06500000;173.00000000
0.34557490;36.53500000;177.00000000
0.35070080;36.97700000;180.00000000
0.35595670;37.42700000;184.00000000
0.36138560;37.88000000;187.00000000
0.36655360;38.30700000;189.00000000
0.37172540;38.73000000;191.00000000
0.37715090;39.16500000;194.00000000
0.38250380;39.59200000;195.00000000
0.38774900;40.01000000;196.00000000
0.39328360;40.44500000;197.00000000
0.39881620;40.88000000;197.00000000
0.40409480;41.31700000;176.00000000
0.40883580;41.76200000;156.00000000
0.41332270;42.22500000;142.00000000
0.41740680;42.68000000;138.00000000
0.42167460;43.16000000;136.00000000
0.42576160;43.62700000;137.00000000
0.42988560;44.09000000;141.00000000
0.43393610;44.52500000;145.00000000
0.43813090;44.97000000;149.00000000
0.44229110;45.39500000;153.00000000
0.44655890;45.82200000;157.00000000
0.45086350;46.24200000;159.00000000
0.45520340;46.69200000;140.00000000
0.45871130;47.10000000;126.00000000
0.46214820;47.54200000;114.00000000
0.46529540;47.98200000;106.00000000
0.46822410;48.41200000;104.00000000
0.47111820;48.84500000;103.00000000
0.47404660;49.28500000;103.00000000
0.47701360;49.73500000;103.00000000
0.47969070;50.14700000;102.00000000
0.48272750;50.60500000;106.00000000
0.48580320;51.06000000;107.00000000
0.48876770;51.48000000;112.00000000
0.49213180;51.93000000;118.00000000
0.49556730;52.37200000;123.00000000
0.49922110;52.82000000;128.00000000
0.50305470;53.27500000;134.00000000
0.50702990;53.72500000;139.00000000
0.51090190;54.15000000;144.00000000
0.51495450;54.58000000;147.00000000
0.51900470;55.00200000;151.00000000
0.52338190;55.44500000;155.00000000
0.52703520;55.88700000;158.00000000
0.53209890;56.32000000;150.00000000
0.53575350;56.75000000;133.00000000
0.53897160;57.17000000;116.00000000
0.54237430;57.60200000;98.00000000
0.54483280;58.02700000;87.00000000
0.54700210;58.45700000;80.00000000
0.54909720;58.88500000;79.00000000
0.55166210;59.31700000;81.00000000
0.55387190;59.73700000;89.00000000
0.55629630;60.17700000;97.00000000
0.55951290;60.60700000;102.00000000
0.56222600;61.03500000;107.00000000
0.56504820;61.46500000;113.00000000
0.56805030;61.89500000;118.00000000
0.57199280;62.32000000;126.00000000
0.57539240;62.75700000;131.00000000
0.57875600;63.19500000;137.00000000
0.58327760;63.63700000;143.00000000
0.58682130;64.06000000;132.00000000
0.59087380;64.50200000;117.00000000
0.59391180;64.93000000;111.00000000
0.59666020;65.36000000;111.00000000
0.59966160;65.78000000;112.00000000
0.60324170;66.20700000;113.00000000
0.60624310;66.65500000;118.00000000
0.60939000;67.10000000;124.00000000
0.61340780;67.54700000;131.00000000
0.61673180;67.98000000;124.00000000
0.62056670;68.40500000;111.00000000
0.62338880;68.83700000;106.00000000
0.62610200;69.28000000;104.00000000
0.62946660;69.73000000;101.00000000
0.63195740;70.16700000;98.00000000
0.63525280;70.60700000;105.00000000
0.63803600;71.03500000;111.00000000
0.64107320;71.46200000;116.00000000
0.64486850;71.90700000;123.00000000
0.64809210;72.34000000;128.00000000
0.65138670;72.78500000;133.00000000
0.65579530;73.21500000;140.00000000
0.65951810;73.64500000;144.00000000
0.66331910;74.08200000;148.00000000
0.66831090;74.52200000;152.00000000
0.67217870;74.95700000;155.00000000
0.67615810;75.39500000;157.00000000
0.68118440;75.83000000;159.00000000
0.68545490;76.24700000;161.00000000
0.68954100;76.68200000;164.00000000
0.69496830;77.12500000;169.00000000
0.69930650;77.55500000;162.00000000
0.70321220;77.99200000;149.00000000
0.70791680;78.42200000;139.00000000
0.71149580;78.85500000;135.00000000
0.71579910;79.31000000;132.00000000
0.71909110;79.75000000;129.00000000
0.72249080;80.19700000;132.00000000
0.72683130;80.63700000;136.00000000
0.73037710;81.09000000;138.00000000
0.73493230;81.54200000;142.00000000
0.73865780;81.98500000;146.00000000
0.74336060;82.42000000;150.00000000
0.74737520;82.86000000;154.00000000
0.75128380;83.29200000;158.00000000
0.75648670;83.73200000;163.00000000
0.76075600;84.17500000;167.00000000
0.76629320;84.61000000;171.00000000
0.77077660;85.03000000;175.00000000
0.77591230;85.46200000;179.00000000
0.78101210;85.90000000;183.00000000
0.78635560;86.35000000;182.00000000
0.79121020;86.78500000;163.00000000
0.79559600;87.23000000;143.00000000
0.79935740;87.66200000;126.00000000
0.80264600;88.09700000;109.00000000
0.80557530;88.53700000;96.00000000
0.80814080;88.97000000;88.00000000
0.81070680;89.41500000;86.00000000
0.81316580;89.85200000;86.00000000
0.81566110;90.28000000;91.00000000
0.81833790;90.71700000;95.00000000
0.82115890;91.16000000;102.00000000
0.82408820;91.58700000;109.00000000
0.82723590;92.02000000;115.00000000
0.83049220;92.44500000;122.00000000
0.83392740;92.87000000;128.00000000
0.83761600;93.30500000;135.00000000
0.84137800;93.72700000;140.00000000
0.84535730;94.15700000;146.00000000
0.84944310;94.59200000;142.00000000
0.85320370;95.02500000;127.00000000
0.85660640;95.46500000;112.00000000
0.85946430;95.88500000;100.00000000
0.86214020;96.31700000;90.00000000
0.86459900;96.74700000;83.00000000
0.86691170;97.17500000;82.00000000
0.86926360;97.60700000;83.00000000
0.87165370;98.04700000;82.00000000
0.87396410;98.47500000;82.00000000
0.87631620;98.90200000;85.00000000
0.87881590;99.35000000;89.00000000
0.88145300;99.79500000;92.00000000
0.88420110;100.24700000;95.00000000
0.88706020;100.70000000;98.00000000
0.88991290;101.14000000;101.00000000
0.89291310;101.58700000;107.00000000
0.89602790;102.02500000;113.00000000
0.89946360;102.48500000;119.00000000
0.90308830;102.94200000;125.00000000
0.90684980;103.40200000;131.00000000
0.91078940;103.85700000;136.00000000
0.91472800;104.30700000;131.00000000
0.91834550;104.75000000;120.00000000
0.92170730;105.19000000;115.00000000
0.92496480;105.63500000;110.00000000
0.92800240;106.06700000;106.00000000
0.93107660;106.52000000;102.00000000
0.93411350;106.97700000;101.00000000
0.93708010;107.42700000;101.00000000
0.93997490;107.86700000;102.00000000
0.94275860;108.28000000;106.00000000
0.94579770;108.72000000;109.00000000
0.94887130;109.15500000;110.00000000
0.95183750;109.56500000;115.00000000
0.95512870;110.00000000;120.00000000
0.95874580;110.45000000;126.00000000
0.96236280;110.88700000;132.00000000
0.96623270;111.33200000;137.00000000
0.97010490;111.76000000;143.00000000
0.97411220;112.18500000;147.00000000
0.97834900;112.62700000;151.00000000
0.98265410;113.06000000;155.00000000
0.98713990;113.50200000;160.00000000
0.99159000;113.93000000;163.00000000
0.99618300;114.36000000;167.00000000
