0.00084659;0.00000000;188.00000000
0.00630619;0.44700000;193.00000000
0.01195375;0.89700000;197.00000000
0.01772466;1.34500000;201.00000000
0.02351964;1.79000000;205.00000000
0.02921549;2.21700000;208.00000000
0.03519917;2.66000000;211.00000000
0.04132313;3.10500000;215.00000000
0.04752279;3.55000000;218.00000000
0.05382007;3.99500000;221.00000000
0.06021140;4.44000000;224.00000000
0.06660043;4.88000000;227.00000000
0.07303613;5.31700000;230.00000000
0.07980653;5.77000000;233.00000000
0.08649989;6.21200000;236.00000000
0.09314880;6.64700000;238.00000000
0.10009880;7.09700000;240.00000000
0.10698050;7.54000000;243.00000000
0.11359430;7.98200000;220.00000000
0.11926030;8.40200000;199.00000000
0.12479560;8.85500000;178.00000000
0.12947290;9.28700000;158.00000000
0.13353360;9.71200000;139.00000000
0.13724260;10.15200000;121.00000000
0.14021750;10.56200000;105.00000000
0.14295660;10.98700000;92.00000000
0.14548820;11.43500000;80.00000000
0.14780660;11.88000000;79.00000000
0.15008650;12.32500000;78.00000000
0.15243260;12.77200000;80.00000000
0.15485220;13.21700000;86.00000000
0.15738560;13.65200000;94.00000000
0.16010440;14.07700000;103.00000000
0.16307290;14.50500000;109.00000000
0.16643030;14.95500000;120.00000000
0.17008280;15.40700000;129.00000000
0.17380970;15.84200000;137.00000000
0.17786040;16.28700000;144.00000000
0.18205620;16.72700000;152.00000000
0.18661330;17.18000000;158.00000000
0.19117170;17.61700000;165.00000000
0.19583320;18.05000000;170.00000000
0.20071740;18.48700000;176.00000000
0.20568100;18.91700000;181.00000000
0.21077470;19.34700000;186.00000000
0.21587400;19.76700000;191.00000000
0.22129930;20.20500000;195.00000000
0.22694160;20.64700000;199.00000000
0.23258410;21.08200000;202.00000000
0.23811790;21.53000000;180.00000000
0.24303670;21.98000000;160.00000000
0.24734130;22.42000000;142.00000000
0.25117400;22.86700000;123.00000000
0.25443200;23.30000000;110.00000000
0.25735880;23.72700000;102.00000000
0.26028800;24.18000000;96.00000000
0.26292690;24.60700000;92.00000000
0.26539500;25.02200000;90.00000000
0.26795930;25.45500000;90.00000000
0.27059720;25.89700000;92.00000000
0.27320070;26.32700000;95.00000000
0.27602300;26.77000000;101.00000000
0.27902290;27.21500000;107.00000000
0.28217140;27.65500000;117.00000000
0.28560810;28.09200000;126.00000000
0.28926010;28.52200000;135.00000000
0.29320260;28.96200000;144.00000000
0.29732470;29.39200000;151.00000000
0.30181310;29.84200000;157.00000000
0.30636800;30.28700000;158.00000000
0.31085350;30.73000000;158.00000000
0.31544540;31.17200000;164.00000000
0.32021410;31.61500000;169.00000000
0.32517670;32.06200000;175.00000000
0.33020420;32.50000000;180.00000000
0.33533950;32.93500000;186.00000000
0.34066020;33.37500000;190.00000000
0.34618730;33.82000000;195.00000000
0.35193350;34.27200000;199.00000000
0.35755120;34.70500000;202.00000000
0.36319260;35.13500000;205.00000000
0.36904830;35.57500000;208.00000000
0.37508930;36.02000000;211.00000000
0.38105640;36.45700000;214.00000000
0.38706270;36.89000000;216.00000000
0.39313910;37.32200000;218.00000000
0.39899700;37.74700000;206.00000000
0.40452810;38.18700000;185.00000000
0.40926940;38.60700000;166.00000000
0.41350330;39.01700000;152.00000000
0.41755150;39.44200000;144.00000000
0.42131300;39.85000000;142.00000000
0.42507420;40.26200000;144.00000000
0.42905360;40.68500000;149.00000000
0.43317710;41.10200000;155.00000000
0.43747960;41.52700000;160.00000000
0.44200170;41.95700000;165.00000000
0.44655890;42.37700000;171.00000000
0.45126130;42.80700000;162.00000000
0.45549280;43.23700000;144.00000000
0.45939780;43.68500000;128.00000000
0.46294440;44.14000000;115.00000000
0.46598130;44.55500000;109.00000000
0.46909240;45.00000000;108.00000000
0.47213210;45.43700000;108.00000000
0.47524060;45.88700000;107.00000000
0.47838890;46.34500000;108.00000000
0.48149750;46.79500000;110.00000000
0.48468140;47.25000000;111.00000000
0.48779130;47.67500000;118.00000000
0.49111900;48.09700000;125.00000000
0.49484390;48.55000000;132.00000000
0.49864230;48.98200000;138.00000000
0.50272930;49.43200000;145.00000000
0.50702990;49.88000000;152.00000000
0.51151800;50.32700000;157.00000000
0.51614840;50.77500000;163.00000000
0.52074110;51.20500000;168.00000000
0.52555250;51.64200000;173.00000000
0.53057970;52.09700000;164.00000000
0.53477660;52.51700000;144.00000000
0.53860950;52.96200000;125.00000000
0.54179390;53.38500000;107.00000000
0.54468790;53.83700000;90.00000000
0.54714660;54.27500000;83.00000000
0.54960330;54.72200000;82.00000000
0.55202370;55.16700000;85.00000000
0.55463240;55.61200000;96.00000000
0.55748870;56.05500000;103.00000000
0.56052490;56.49500000;110.00000000
0.56370620;56.92500000;119.00000000
0.56725440;57.37000000;127.00000000
0.57090770;57.80200000;135.00000000
0.57459680;58.21500000;142.00000000
0.57875600;58.65700000;149.00000000
0.58291580;59.07700000;155.00000000
0.58711080;59.52700000;135.00000000
0.59069310;59.96500000;121.00000000
0.59412870;60.41500000;115.00000000
0.59752820;60.86700000;116.00000000
0.60096280;61.32200000;117.00000000
0.60429100;61.75700000;120.00000000
0.60772280;62.19000000;128.00000000
0.61148950;62.63200000;135.00000000
0.61535970;63.07000000;133.00000000
0.61893590;63.50700000;119.00000000
0.62226770;63.95500000;110.00000000
0.62548680;64.41000000;108.00000000
0.62859780;64.86000000;107.00000000
0.63155880;65.30200000;104.00000000
0.63463790;65.74700000;111.00000000
0.63781900;66.17500000;120.00000000
0.64139840;66.61700000;127.00000000
0.64504950;67.05200000;135.00000000
0.64870800;67.46200000;142.00000000
0.65261790;67.88000000;148.00000000
0.65673390;68.30000000;155.00000000
0.66114770;68.73200000;160.00000000
0.66588780;69.18200000;166.00000000
0.67051610;69.61000000;170.00000000
0.67536240;70.05000000;171.00000000
0.68006340;70.47200000;172.00000000
0.68487610;70.90500000;175.00000000
0.68968570;71.32500000;180.00000000
0.69475330;71.75500000;185.00000000
0.69974020;72.19500000;165.00000000
0.70433380;72.64700000;151.00000000
0.70849600;73.09000000;142.00000000
0.71258060;73.54000000;139.00000000
0.71634140;73.96200000;138.00000000
0.72042940;74.42500000;138.00000000
0.72448010;74.87500000;143.00000000
0.72864100;75.32000000;148.00000000
0.73294390;75.76700000;151.00000000
0.73750060;76.22500000;157.00000000
0.74213100;76.67500000;162.00000000
0.74672420;77.10700000;168.00000000
0.75139210;77.53200000;173.00000000
0.75619740;77.95500000;179.00000000
0.76100960;78.36500000;184.00000000
0.76622090;78.80000000;189.00000000
0.77164460;79.23700000;194.00000000
0.77721460;79.68000000;198.00000000
0.78296040;80.12500000;202.00000000
0.78845260;80.56200000;183.00000000
0.79334710;81.00500000;163.00000000
0.79765950;81.44000000;143.00000000
0.80149120;81.88700000;124.00000000
0.80474380;82.32700000;106.00000000
0.80756260;82.76700000;92.00000000
0.81016450;83.20700000;90.00000000
0.81284040;83.65700000;90.00000000
0.81548040;84.09000000;96.00000000
0.81833790;84.54200000;99.00000000
0.82130380;84.98500000;109.00000000
0.82452240;85.42000000;119.00000000
0.82792340;85.84500000;128.00000000
0.83168600;86.28700000;136.00000000
0.83533760;86.69200000;143.00000000
0.83960520;87.14200000;151.00000000
0.84380140;87.56500000;158.00000000
0.84810540;87.98500000;152.00000000
0.85204620;88.41200000;136.00000000
0.85555660;88.83700000;120.00000000
0.85870680;89.27000000;105.00000000
0.86145270;89.69500000;95.00000000
0.86402060;90.12500000;87.00000000
0.86655050;90.57200000;85.00000000
0.86893770;90.99700000;86.00000000
0.87132770;91.42500000;85.00000000
0.87378350;91.86200000;85.00000000
0.87620770;92.28700000;89.00000000
0.87877970;92.72500000;93.00000000
0.88134450;93.14500000;95.00000000
0.88412880;93.58000000;99.00000000
0.88713230;94.04200000;103.00000000
0.89009330;94.47700000;107.00000000
0.89327640;94.91500000;117.00000000
0.89660600;95.34200000;125.00000000
0.90018900;95.77500000;132.00000000
0.90388420;96.19700000;139.00000000
0.90793450;96.64000000;146.00000000
0.91216150;97.08200000;146.00000000
0.91606650;97.52200000;130.00000000
0.91957500;97.95200000;121.00000000
0.92304650;98.40500000;115.00000000
0.92623130;98.84000000;111.00000000
0.92930450;99.27200000;108.00000000
0.93237850;99.71200000;107.00000000
0.93537970;100.14200000;107.00000000
0.93841890;100.58000000;107.00000000
0.94145580;101.01500000;109.00000000
0.94456740;101.44700000;114.00000000
0.94782250;101.88200000;116.00000000
0.95100550;102.31000000;117.00000000
0.95444190;102.75200000;125.00000000
0.95813090;103.19700000;132.00000000
0.96207350;103.64500000;139.00000000
0.96608800;104.08000000;146.00000000
0.97035740;104.52000000;154.00000000
0.97483390;104.96200000;160.00000000
0.97914500;105.37500000;165.00000000
0.98384920;105.80700000;171.00000000
0.98880660;106.25200000;176.00000000
0.99397490;106.70000000;182.00000000
0.99882160;107.10700000;186.00000000
