0.00145439;0.14200000;195.00000000
0.00699880;0.57700000;200.00000000
0.01275675;1.02000000;205.00000000
0.01870489;1.46200000;210.00000000
0.02475195;1.90500000;214.00000000
0.03081306;2.34000000;219.00000000
0.03704406;2.77700000;223.00000000
0.04338748;3.21500000;227.00000000
0.04973413;3.64700000;230.00000000
0.05623728;4.08200000;234.00000000
0.06317120;4.53700000;237.00000000
0.07003043;4.98200000;241.00000000
0.07658371;5.40200000;244.00000000
0.08371313;5.85500000;247.00000000
0.09069659;6.29000000;250.00000000
0.09789050;6.73500000;252.00000000
0.10451810;7.15000000;239.00000000
0.11075040;7.57200000;220.00000000
0.11652570;8.00200000;199.00000000
0.12194310;8.45000000;177.00000000
0.12675510;8.89500000;157.00000000
0.13099160;9.34200000;137.00000000
0.13452000;9.76700000;120.00000000
0.13775040;10.21500000;104.00000000
0.14061160;10.66500000;92.00000000
0.14310110;11.10200000;83.00000000
0.14545200;11.54200000;78.00000000
0.14769740;11.98500000;77.00000000
0.14986970;12.42000000;75.00000000
0.15207160;12.86200000;77.00000000
0.15434770;13.29500000;85.00000000
0.15680620;13.73200000;91.00000000
0.15945180;14.17000000;97.00000000
0.16234600;14.61700000;105.00000000
0.16545600;15.05200000;116.00000000
0.16895990;15.49000000;126.00000000
0.17257930;15.91700000;136.00000000
0.17666680;16.37000000;145.00000000
0.18068170;16.78500000;153.00000000
0.18505810;17.21700000;160.00000000
0.18976000;17.66500000;168.00000000
0.19460410;18.10200000;175.00000000
0.19973950;18.54700000;181.00000000
0.20513680;19.00200000;188.00000000
0.21059400;19.44500000;194.00000000
0.21612720;19.88200000;199.00000000
0.22198650;20.33200000;204.00000000
0.22770110;20.76200000;209.00000000
0.23341600;21.20200000;190.00000000
0.23866050;21.65500000;170.00000000
0.24325380;22.09500000;152.00000000
0.24726900;22.53200000;135.00000000
0.25092090;22.97500000;120.00000000
0.25410600;23.40700000;108.00000000
0.25710600;23.85500000;99.00000000
0.25988980;24.29700000;93.00000000
0.26256410;24.74200000;90.00000000
0.26514280;25.18500000;88.00000000
0.26763450;25.62500000;86.00000000
0.27009100;26.05500000;88.00000000
0.27276640;26.51000000;91.00000000
0.27548040;26.96000000;98.00000000
0.27830120;27.39500000;100.00000000
0.28119420;27.82000000;111.00000000
0.28452370;28.25700000;123.00000000
0.28821180;28.70000000;134.00000000
0.29215470;29.13700000;145.00000000
0.29641940;29.57700000;154.00000000
0.30087240;30.02000000;160.00000000
0.30528080;30.45000000;157.00000000
0.30984020;30.90200000;154.00000000
0.31418080;31.33700000;159.00000000
0.31873500;31.77200000;165.00000000
0.32358400;32.21700000;172.00000000
0.32864990;32.66200000;179.00000000
0.33385570;33.10500000;186.00000000
0.33928450;33.55000000;192.00000000
0.34489040;33.99700000;198.00000000
0.35070080;34.45000000;202.00000000
0.35631910;34.87500000;207.00000000
0.36210860;35.30500000;211.00000000
0.36792720;35.73000000;215.00000000
0.37378710;36.15000000;218.00000000
0.37997180;36.58500000;222.00000000
0.38623150;37.02000000;225.00000000
0.39234440;37.44000000;220.00000000
0.39798460;37.86000000;199.00000000
0.40347990;38.31200000;178.00000000
0.40840180;38.77200000;156.00000000
0.41245380;39.19200000;142.00000000
0.41628590;39.61700000;137.00000000
0.42011960;40.05000000;135.00000000
0.42391690;40.48500000;136.00000000
0.42775110;40.91200000;144.00000000
0.43205650;41.36200000;152.00000000
0.43624920;41.78000000;159.00000000
0.44077150;42.21000000;166.00000000
0.44576310;42.66700000;173.00000000
0.45021250;43.07700000;160.00000000
0.45444400;43.51200000;142.00000000
0.45816910;43.93700000;127.00000000
0.46156920;44.37200000;115.00000000
0.46460790;44.79500000;107.00000000
0.46746440;45.21200000;104.00000000
0.47050330;45.66500000;102.00000000
0.47346740;46.11000000;103.00000000
0.47636220;46.54700000;102.00000000
0.47929360;46.99500000;104.00000000
0.48225720;47.43700000;108.00000000
0.48533280;47.88000000;108.00000000
0.48836980;48.31200000;114.00000000
0.49169770;48.75000000;122.00000000
0.49531400;49.19000000;131.00000000
0.49911260;49.62200000;140.00000000
0.50312700;50.05700000;147.00000000
0.50735630;50.49000000;154.00000000
0.51184350;50.93000000;161.00000000
0.51647380;51.36700000;168.00000000
0.52131990;51.80700000;175.00000000
0.52631200;52.24500000;174.00000000
0.53079680;52.66500000;156.00000000
0.53495750;53.10700000;136.00000000
0.53857330;53.55000000;117.00000000
0.54179390;54.01200000;101.00000000
0.54457930;54.46500000;88.00000000
0.54703820;54.91500000;80.00000000
0.54927800;55.34200000;79.00000000
0.55148140;55.75700000;83.00000000
0.55383570;56.17500000;92.00000000
0.55640460;56.58700000;101.00000000
0.55929610;57.02500000;103.00000000
0.56237100;57.46500000;112.00000000
0.56562710;57.89200000;122.00000000
0.56913530;58.32500000;131.00000000
0.57293280;58.75500000;140.00000000
0.57691140;59.18000000;149.00000000
0.58121560;59.61700000;156.00000000
0.58523060;60.04200000;137.00000000
0.58870290;60.45500000;123.00000000
0.59192220;60.87700000;113.00000000
0.59506860;61.31000000;110.00000000
0.59810740;61.73700000;111.00000000
0.60136050;62.18000000;116.00000000
0.60472460;62.63200000;114.00000000
0.60797640;63.06000000;122.00000000
0.61145340;63.48500000;132.00000000
0.61525140;63.92500000;129.00000000
0.61860990;64.35000000;116.00000000
0.62176050;64.78700000;107.00000000
0.62479920;65.22500000;104.00000000
0.62769310;65.66000000;103.00000000
0.63051030;66.09500000;99.00000000
0.63326230;66.53200000;101.00000000
0.63630400;66.97200000;114.00000000
0.63966360;67.41000000;122.00000000
0.64331560;67.85500000;131.00000000
0.64715080;68.29500000;140.00000000
0.65120580;68.72700000;149.00000000
0.65547050;69.16200000;156.00000000
0.66002470;69.60500000;163.00000000
0.66469470;70.03700000;170.00000000
0.66950370;70.47200000;173.00000000
0.67438610;70.91000000;173.00000000
0.67915980;71.34200000;169.00000000
0.68397120;71.78000000;173.00000000
0.68892570;72.21500000;178.00000000
0.69399630;72.65200000;181.00000000
0.69879980;73.08700000;162.00000000
0.70313990;73.52200000;148.00000000
0.70719220;73.96200000;138.00000000
0.71109800;74.40700000;134.00000000
0.71489500;74.85200000;131.00000000
0.71851220;75.28500000;128.00000000
0.72220190;75.72200000;134.00000000
0.72596310;76.14200000;142.00000000
0.72994300;76.57000000;144.00000000
0.73410090;77.00700000;151.00000000
0.73844080;77.44200000;158.00000000
0.74289040;77.86700000;165.00000000
0.74751990;78.29500000;172.00000000
0.75218630;78.70700000;179.00000000
0.75710120;79.12700000;185.00000000
0.76220400;79.55000000;191.00000000
0.76741370;79.96500000;197.00000000
0.77291040;80.39500000;201.00000000
0.77837260;80.81000000;206.00000000
0.78382690;81.23000000;192.00000000
0.78881520;81.65500000;172.00000000
0.79341960;82.09700000;153.00000000
0.79744240;82.53200000;134.00000000
0.80091320;82.96200000;117.00000000
0.80387490;83.38000000;103.00000000
0.80647820;83.79200000;92.00000000
0.80897130;84.21700000;86.00000000
0.81142990;84.65200000;87.00000000
0.81399760;85.10200000;89.00000000
0.81678110;85.56000000;97.00000000
0.81960250;85.99700000;103.00000000
0.82249840;86.42000000;110.00000000
0.82578860;86.86200000;122.00000000
0.82937060;87.30000000;131.00000000
0.83327650;87.74500000;141.00000000
0.83750750;88.19500000;151.00000000
0.84188440;88.63200000;158.00000000
0.84618910;89.05200000;154.00000000
0.85034770;89.49200000;138.00000000
0.85399920;89.92700000;123.00000000
0.85718480;90.35700000;108.00000000
0.86011370;90.79500000;97.00000000
0.86279120;91.24000000;88.00000000
0.86528590;91.69000000;83.00000000
0.86774300;92.14000000;84.00000000
0.87013220;92.57700000;83.00000000
0.87248620;93.01700000;81.00000000
0.87497690;93.47000000;85.00000000
0.87732970;93.88500000;89.00000000
0.87979300;94.31500000;91.00000000
0.88242940;94.75200000;93.00000000
0.88506880;95.17200000;99.00000000
0.88803510;95.62500000;105.00000000
0.89117630;96.07500000;111.00000000
0.89450790;96.51700000;121.00000000
0.89812330;96.96500000;130.00000000
0.90185700;97.39200000;139.00000000
0.90572890;97.81500000;147.00000000
0.91002860;98.25700000;148.00000000
0.91396870;98.69200000;133.00000000
0.91747740;99.11700000;122.00000000
0.92076750;99.55000000;115.00000000
0.92402380;99.99200000;111.00000000
0.92706230;100.42500000;106.00000000
0.93002780;100.85700000;103.00000000
0.93292090;101.29200000;102.00000000
0.93577740;101.72200000;102.00000000
0.93863590;102.15200000;103.00000000
0.94163700;102.59500000;106.00000000
0.94463980;103.02700000;109.00000000
0.94778650;103.47000000;110.00000000
0.95096930;103.90500000;116.00000000
0.95436970;104.35000000;123.00000000
0.95776910;104.76000000;132.00000000
0.96178420;105.21700000;141.00000000
0.96590720;105.66000000;149.00000000
0.97021310;106.09500000;157.00000000
0.97472560;106.53200000;164.00000000
0.97943430;106.96700000;171.00000000
0.98428390;107.40000000;178.00000000
0.98938510;107.83500000;184.00000000
0.99459000;108.26700000;190.00000000
