0.00175018;0.00000000;236.00000000
0.00765819;0.43500000;238.00000000
0.01369447;0.87500000;240.00000000
0.01960836;1.30500000;241.00000000
0.02564591;1.74000000;243.00000000
0.03174783;2.17800000;245.00000000
0.03781845;2.61000000;246.00000000
0.04401660;3.04800000;248.00000000
0.05011888;3.47800000;250.00000000
0.05634969;3.91300000;251.00000000
0.06261254;4.34800000;252.00000000
0.06884319;4.77800000;254.00000000
0.07520259;5.21500000;254.00000000
0.08149752;5.64800000;256.00000000
0.08785661;6.08000000;257.00000000
0.09424818;6.51500000;258.00000000
0.10063930;6.94500000;259.00000000
0.10725550;7.39000000;261.00000000
0.11358260;7.82300000;245.00000000
0.11939570;8.26000000;220.00000000
0.12453330;8.69300000;197.00000000
0.12913060;9.12500000;175.00000000
0.13310860;9.54500000;155.00000000
0.13673910;9.98300000;135.00000000
0.13991880;10.41800000;121.00000000
0.14277760;10.84800000;111.00000000
0.14550670;11.28000000;107.00000000
0.14823650;11.71800000;110.00000000
0.15103080;12.15000000;117.00000000
0.15411530;12.58800000;126.00000000
0.15732610;13.02000000;132.00000000
0.16053740;13.45500000;128.00000000
0.16371760;13.89500000;127.00000000
0.16696130;14.32800000;135.00000000
0.17049410;14.77000000;142.00000000
0.17415530;15.21000000;150.00000000
0.17800960;15.64800000;157.00000000
0.18205660;16.09000000;162.00000000
0.18607110;16.52500000;161.00000000
0.19011740;16.95800000;165.00000000
0.19429310;17.39300000;171.00000000
0.19859480;17.82500000;176.00000000
0.20299410;18.25500000;181.00000000
0.20746180;18.68000000;186.00000000
0.21221440;19.12300000;191.00000000
0.21699980;19.55500000;196.00000000
0.22201020;19.99800000;199.00000000
0.22705240;20.43500000;203.00000000
0.23222340;20.87800000;207.00000000
0.23739420;21.31000000;211.00000000
0.24266140;21.74300000;214.00000000
0.24802550;22.17800000;217.00000000
0.25351920;22.61500000;221.00000000
0.25891630;23.05000000;209.00000000
0.26385870;23.48800000;186.00000000
0.26829100;23.92500000;169.00000000
0.27246620;24.37000000;159.00000000
0.27638470;24.80000000;159.00000000
0.28043050;25.24000000;160.00000000
0.28418990;25.68300000;139.00000000
0.28743270;26.11800000;121.00000000
0.29022710;26.53800000;109.00000000
0.29292430;26.97500000;106.00000000
0.29568710;27.42300000;109.00000000
0.29854530;27.85800000;119.00000000
0.30162860;28.29800000;127.00000000
0.30487320;28.73000000;135.00000000
0.30833780;29.16800000;142.00000000
0.31200150;29.60500000;149.00000000
0.31582430;30.04000000;156.00000000
0.31977490;30.47500000;162.00000000
0.32382160;30.90300000;167.00000000
0.32806070;31.33800000;173.00000000
0.33233410;31.77500000;164.00000000
0.33628420;32.22500000;141.00000000
0.33955950;32.66000000;123.00000000
0.34248130;33.10000000;109.00000000
0.34508340;33.53300000;99.00000000
0.34745900;33.96300000;92.00000000
0.34970890;34.40300000;84.00000000
0.35182740;34.83800000;81.00000000
0.35388370;35.27500000;81.00000000
0.35593820;35.70500000;83.00000000
0.35809070;36.13800000;88.00000000
0.36043470;36.57500000;97.00000000
0.36297150;37.00800000;107.00000000
0.36576620;37.44500000;116.00000000
0.36872290;37.87500000;124.00000000
0.37193220;38.30800000;132.00000000
0.37530400;38.74000000;139.00000000
0.37883870;39.17300000;146.00000000
0.38259610;39.61000000;153.00000000
0.38644890;40.04300000;159.00000000
0.39043480;40.47300000;164.00000000
0.39464160;40.91000000;170.00000000
0.39891170;41.34300000;175.00000000
0.40331170;41.77800000;180.00000000
0.40787230;42.21300000;184.00000000
0.41246510;42.64300000;189.00000000
0.41721840;43.08000000;192.00000000
0.42210010;43.52000000;196.00000000
0.42711030;43.96300000;199.00000000
0.43205670;44.39500000;202.00000000
0.43709890;44.82800000;205.00000000
0.44220550;45.26000000;208.00000000
0.44740430;45.69500000;211.00000000
0.45271140;46.13300000;214.00000000
0.45787860;46.56500000;197.00000000
0.46253580;47.00500000;175.00000000
0.46658260;47.43500000;154.00000000
0.47030860;47.87500000;140.00000000
0.47374480;48.31500000;134.00000000
0.47715020;48.75500000;133.00000000
0.48042400;49.18300000;135.00000000
0.48379860;49.62000000;135.00000000
0.48729720;50.05800000;142.00000000
0.49102360;50.50300000;150.00000000
0.49484590;50.93800000;157.00000000
0.49892480;51.38300000;163.00000000
0.50309930;51.82000000;169.00000000
0.50733940;52.25000000;175.00000000
0.51186770;52.69800000;180.00000000
0.51642860;53.13000000;186.00000000
0.52118170;53.57000000;192.00000000
0.52603150;54.00800000;196.00000000
0.53097700;54.44000000;201.00000000
0.53608250;54.88000000;206.00000000
0.54129030;55.31500000;210.00000000
0.54652230;55.74800000;214.00000000
0.55166240;56.18300000;197.00000000
0.55638310;56.62000000;179.00000000
0.56078000;57.06000000;170.00000000
0.56499180;57.49300000;169.00000000
0.56910040;57.93300000;155.00000000
0.57272970;58.36800000;137.00000000
0.57590950;58.80300000;119.00000000
0.57867160;59.23800000;101.00000000
0.58104850;59.67500000;88.00000000
0.58326320;60.11500000;84.00000000
0.58551070;60.55300000;90.00000000
0.58785640;60.99300000;98.00000000
0.59042550;61.42500000;108.00000000
0.59322120;61.86000000;116.00000000
0.59624050;62.29500000;124.00000000
0.59941790;62.73000000;131.00000000
0.60275870;63.16500000;137.00000000
0.60622720;63.59800000;144.00000000
0.60988890;64.03000000;150.00000000
0.61374280;64.47000000;157.00000000
0.61769320;64.90300000;162.00000000
0.62177220;65.33500000;167.00000000
0.62604390;65.77300000;172.00000000
0.63037940;66.20500000;177.00000000
0.63494030;66.65000000;183.00000000
0.63962960;67.09300000;187.00000000
0.64441070;67.53300000;192.00000000
0.64923410;67.96500000;196.00000000
0.65417840;68.40300000;199.00000000
0.65922080;68.84000000;203.00000000
0.66429490;69.27500000;205.00000000
0.66921350;69.72000000;181.00000000
0.67351280;70.16000000;160.00000000
0.67730310;70.60300000;139.00000000
0.68057750;71.04000000;120.00000000
0.68333910;71.47500000;104.00000000
0.68584930;71.92300000;90.00000000
0.68815930;72.36800000;87.00000000
0.69030850;72.79500000;92.00000000
0.69259100;73.24300000;82.00000000
0.69464600;73.70300000;75.00000000
0.69657180;74.13000000;81.00000000
0.69856320;74.55300000;87.00000000
0.70081120;74.98000000;97.00000000
0.70344470;75.42500000;108.00000000
0.70643180;75.88000000;119.00000000
0.70948420;76.31000000;128.00000000
0.71285500;76.75500000;136.00000000
0.71632460;77.19000000;144.00000000
0.72004990;77.62800000;152.00000000
0.72400050;78.07000000;159.00000000
0.72820790;78.52500000;165.00000000
0.73244730;78.96500000;171.00000000
0.73687930;79.41000000;177.00000000
0.74137590;79.84800000;183.00000000
0.74584010;80.26800000;188.00000000
0.75056130;80.70300000;193.00000000
0.75544320;81.13800000;197.00000000
0.76038910;81.57300000;201.00000000
0.76533530;81.99800000;205.00000000
0.77059860;82.44300000;209.00000000
0.77580650;82.87500000;213.00000000
0.78113680;83.30800000;217.00000000
0.78659790;83.74500000;220.00000000
0.79208940;84.17800000;224.00000000
0.79777370;84.61500000;228.00000000
0.80355470;85.05500000;231.00000000
0.80946450;85.50000000;234.00000000
0.81540610;85.94800000;226.00000000
0.82083400;86.38800000;204.00000000
0.82581210;86.83800000;182.00000000
0.83018000;87.28000000;162.00000000
0.83400190;87.72000000;142.00000000
0.83731000;88.15800000;122.00000000
0.84003990;88.57300000;108.00000000
0.84254580;88.99500000;97.00000000
0.84479470;89.41500000;89.00000000
0.84700940;89.85000000;87.00000000
0.84922520;90.27000000;92.00000000
0.85156890;90.70000000;99.00000000
0.85420340;91.13500000;109.00000000
0.85706000;91.57000000;120.00000000
0.86014750;92.00500000;128.00000000
0.86342060;92.44000000;126.00000000
0.86640750;92.87500000;113.00000000
0.86913870;93.31300000;104.00000000
0.87177170;93.75000000;102.00000000
0.87434080;94.18300000;104.00000000
0.87710300;94.63000000;111.00000000
0.87983310;95.05000000;115.00000000
0.88281970;95.49500000;122.00000000
0.88603170;95.93800000;130.00000000
0.88943370;96.38000000;138.00000000
0.89300040;96.81800000;146.00000000
0.89679620;97.25800000;154.00000000
0.90071000;97.69500000;160.00000000
0.90475330;98.12800000;166.00000000
0.90899510;98.56500000;171.00000000
0.91336360;99.00300000;177.00000000
0.91782750;99.43800000;182.00000000
0.92248480;99.87800000;187.00000000
0.92723810;100.31500000;192.00000000
0.93208790;100.75300000;196.00000000
0.93706600;101.19000000;200.00000000
0.94210740;101.62800000;203.00000000
0.94727750;102.06800000;207.00000000
0.95254210;102.50800000;210.00000000
0.95788020;102.95000000;214.00000000
0.96333940;103.39300000;217.00000000
0.96895870;103.84000000;220.00000000
0.97461090;104.28800000;223.00000000
0.98023250;104.72500000;226.00000000
0.98588420;105.15800000;229.00000000
0.99169810;105.60000000;232.00000000
0.99754350;106.03800000;234.00000000
