0.00168592;0.15500000;238.00000000
0.00772257;0.59500000;240.00000000
0.01372649;1.03200000;241.00000000
0.01970484;1.46500000;242.00000000
0.02577438;1.90200000;244.00000000
0.03194052;2.34200000;246.00000000
0.03804334;2.77500000;247.00000000
0.04417722;3.20700000;249.00000000
0.05044004;3.64500000;250.00000000
0.05660664;4.07200000;252.00000000
0.06283733;4.50500000;253.00000000
0.06929289;4.95000000;254.00000000
0.07571650;5.39000000;255.00000000
0.08197918;5.82000000;256.00000000
0.08833844;6.25200000;257.00000000
0.09469779;6.68200000;259.00000000
0.10115320;7.11700000;260.00000000
0.10757660;7.54700000;261.00000000
0.11400010;7.97700000;258.00000000
0.12016660;8.41500000;233.00000000
0.12565890;8.85500000;206.00000000
0.13044720;9.28700000;180.00000000
0.13461930;9.72200000;155.00000000
0.13824840;10.16200000;134.00000000
0.14139640;10.59700000;118.00000000
0.14425450;11.03200000;110.00000000
0.14708070;11.47700000;109.00000000
0.14990670;11.91700000;114.00000000
0.15273350;12.33500000;123.00000000
0.15597780;12.78000000;130.00000000
0.15925250;13.21500000;129.00000000
0.16240110;13.64700000;128.00000000
0.16574080;14.09000000;135.00000000
0.16911310;14.51500000;143.00000000
0.17283870;14.96000000;151.00000000
0.17675650;15.40200000;158.00000000
0.18073980;15.83200000;162.00000000
0.18478640;16.26500000;164.00000000
0.18880040;16.69500000;164.00000000
0.19294440;17.13000000;169.00000000
0.19721750;17.56200000;175.00000000
0.20157500;17.99200000;180.00000000
0.20611120;18.42500000;185.00000000
0.21073690;18.85500000;190.00000000
0.21549030;19.28500000;195.00000000
0.22040430;19.72000000;200.00000000
0.22538230;20.15200000;202.00000000
0.23039260;20.58200000;206.00000000
0.23559580;21.01700000;210.00000000
0.24079870;21.44700000;213.00000000
0.24612990;21.88000000;217.00000000
0.25156110;22.31500000;220.00000000
0.25711690;22.75200000;223.00000000
0.26231610;23.17000000;208.00000000
0.26732790;23.61700000;183.00000000
0.27166300;24.05200000;168.00000000
0.27590330;24.49700000;165.00000000
0.28004460;24.93500000;166.00000000
0.28390120;25.36200000;147.00000000
0.28730430;25.79500000;127.00000000
0.29029140;26.23200000;112.00000000
0.29308490;26.67200000;108.00000000
0.29581560;27.11000000;112.00000000
0.29870580;27.54200000;121.00000000
0.30175710;27.97200000;128.00000000
0.30500180;28.40200000;136.00000000
0.30859450;28.84700000;144.00000000
0.31235480;29.29200000;152.00000000
0.31630610;29.73200000;159.00000000
0.32035300;30.17000000;164.00000000
0.32465670;30.62000000;170.00000000
0.32892690;31.05200000;175.00000000
0.33326660;31.48700000;167.00000000
0.33731120;31.94200000;143.00000000
0.34058690;32.37500000;121.00000000
0.34344470;32.80700000;107.00000000
0.34607890;33.25500000;97.00000000
0.34855200;33.70500000;89.00000000
0.35073630;34.14200000;83.00000000
0.35282340;34.57700000;81.00000000
0.35494340;35.01700000;83.00000000
0.35706240;35.45500000;85.00000000
0.35927890;35.89200000;91.00000000
0.36165460;36.32500000;101.00000000
0.36432060;36.75700000;111.00000000
0.36721230;37.19200000;121.00000000
0.37032750;37.62700000;128.00000000
0.37363310;38.06500000;136.00000000
0.37716760;38.50500000;144.00000000
0.38082960;38.93700000;151.00000000
0.38465150;39.36700000;158.00000000
0.38863420;39.80000000;163.00000000
0.39271540;40.23200000;168.00000000
0.39691860;40.66200000;174.00000000
0.40128840;41.09500000;179.00000000
0.40575240;41.52500000;184.00000000
0.41037740;41.95700000;188.00000000
0.41509870;42.39000000;193.00000000
0.41991620;42.82200000;196.00000000
0.42479800;43.25200000;200.00000000
0.42977650;43.68700000;201.00000000
0.43475400;44.11700000;204.00000000
0.43986100;44.55000000;207.00000000
0.44499980;44.98000000;210.00000000
0.45020190;45.41000000;214.00000000
0.45556900;45.84500000;217.00000000
0.46070510;46.27500000;196.00000000
0.46520160;46.70500000;171.00000000
0.46915210;47.13700000;151.00000000
0.47274920;47.57000000;139.00000000
0.47621760;48.00200000;138.00000000
0.47961980;48.43500000;136.00000000
0.48299700;48.87000000;136.00000000
0.48643060;49.30000000;143.00000000
0.49005990;49.73200000;150.00000000
0.49391420;50.16700000;158.00000000
0.49792930;50.60000000;163.00000000
0.50200790;51.03000000;169.00000000
0.50627920;51.46200000;175.00000000
0.51067940;51.89200000;181.00000000
0.51524020;52.32500000;187.00000000
0.51992900;52.75500000;193.00000000
0.52481130;53.19000000;198.00000000
0.52975700;53.62200000;202.00000000
0.53479630;54.05200000;207.00000000
0.53991090;54.48000000;211.00000000
0.54523740;54.91500000;215.00000000
0.55066550;55.35200000;214.00000000
0.55571010;55.78500000;194.00000000
0.56033160;56.21700000;181.00000000
0.56476660;56.65000000;177.00000000
0.56906830;57.08500000;165.00000000
0.57295450;57.52500000;143.00000000
0.57623070;57.95700000;121.00000000
0.57899280;58.39200000;102.00000000
0.58140140;58.83200000;88.00000000
0.58361630;59.26500000;86.00000000
0.58586360;59.69500000;91.00000000
0.58824150;60.12700000;100.00000000
0.59081100;60.55700000;110.00000000
0.59370220;60.99700000;119.00000000
0.59675460;61.43000000;126.00000000
0.59996440;61.86200000;132.00000000
0.60333680;62.29500000;139.00000000
0.60686960;62.72500000;146.00000000
0.61056330;63.15700000;153.00000000
0.61444930;63.59000000;160.00000000
0.61846410;64.02200000;164.00000000
0.62260710;64.45500000;170.00000000
0.62684680;64.88500000;175.00000000
0.63127880;65.32000000;180.00000000
0.63593590;65.76500000;186.00000000
0.64065740;66.20500000;190.00000000
0.64544080;66.63700000;195.00000000
0.65029300;67.06700000;199.00000000
0.65527030;67.50200000;201.00000000
0.66031270;67.93500000;205.00000000
0.66541990;68.36700000;209.00000000
0.67036820;68.79700000;188.00000000
0.67470120;69.23000000;163.00000000
0.67845930;69.66500000;139.00000000
0.68163630;70.09500000;118.00000000
0.68433740;70.52700000;101.00000000
0.68671770;70.95700000;90.00000000
0.68896170;71.39000000;87.00000000
0.69124000;71.82200000;89.00000000
0.69336100;72.25500000;77.00000000
0.69528820;72.67500000;80.00000000
0.69731030;73.10700000;84.00000000
0.69952660;73.54000000;94.00000000
0.70199950;73.97500000;106.00000000
0.70479400;74.40700000;117.00000000
0.70778040;74.83700000;126.00000000
0.71102480;75.27000000;134.00000000
0.71439790;75.70000000;142.00000000
0.71799440;76.13000000;150.00000000
0.72178430;76.56000000;158.00000000
0.72579900;76.99500000;163.00000000
0.72991000;77.42500000;169.00000000
0.73418150;77.85700000;175.00000000
0.73854960;78.28700000;181.00000000
0.74307810;78.71700000;187.00000000
0.74779930;79.15200000;192.00000000
0.75261670;79.58200000;198.00000000
0.75753100;80.01500000;201.00000000
0.76250890;80.44500000;205.00000000
0.76761520;80.87500000;209.00000000
0.77281710;81.30700000;213.00000000
0.77811810;81.74000000;216.00000000
0.78347980;82.17000000;220.00000000
0.78903870;82.60500000;224.00000000
0.79462620;83.03700000;228.00000000
0.80031090;83.47000000;232.00000000
0.80605990;83.90200000;235.00000000
0.81187320;84.33200000;237.00000000
0.81768660;84.76200000;234.00000000
0.82314600;85.19200000;210.00000000
0.82802840;85.62500000;185.00000000
0.83226760;86.05500000;161.00000000
0.83596100;86.48700000;137.00000000
0.83910870;86.92000000;117.00000000
0.84180640;87.35000000;102.00000000
0.84421630;87.78000000;92.00000000
0.84652780;88.21200000;88.00000000
0.84877560;88.64500000;91.00000000
0.85115120;89.07700000;99.00000000
0.85372090;89.50700000;108.00000000
0.85654890;89.94000000;119.00000000
0.85960050;90.37000000;127.00000000
0.86287370;90.80200000;133.00000000
0.86599100;91.23200000;118.00000000
0.86878530;91.66200000;108.00000000
0.87145050;92.09700000;104.00000000
0.87408390;92.52700000;106.00000000
0.87681390;92.96200000;110.00000000
0.87960830;93.39200000;116.00000000
0.88259500;93.82500000;125.00000000
0.88580680;94.26000000;132.00000000
0.88917670;94.69000000;141.00000000
0.89277480;95.12500000;149.00000000
0.89657150;95.55700000;156.00000000
0.90048470;95.98700000;163.00000000
0.90462510;96.42500000;168.00000000
0.90889870;96.86000000;174.00000000
0.91333140;97.29700000;180.00000000
0.91785960;97.73200000;185.00000000
0.92254900;98.16700000;190.00000000
0.92733440;98.60200000;195.00000000
0.93221630;99.03500000;200.00000000
0.93722670;99.47200000;202.00000000
0.94233220;99.90700000;206.00000000
0.94743790;100.34000000;209.00000000
0.95267080;100.77200000;213.00000000
0.95804050;101.21000000;216.00000000
0.96349970;101.64700000;219.00000000
0.96895870;102.08000000;223.00000000
0.97454660;102.51500000;226.00000000
0.98013620;102.94500000;229.00000000
0.98581990;103.37700000;231.00000000
0.99160170;103.81200000;234.00000000
0.99741500;104.24200000;237.00000000
