0.00000000;0.02000000
0.00500000;0.37479199
0.01000000;0.72104722
0.01500000;1.06472078
0.02000000;1.40593337
0.02500000;1.74266760
0.03000000;2.07859204
0.03500000;2.40990869
0.04000000;2.74117214
0.04500000;3.06744467
0.05000000;3.39392496
0.05500000;3.71751783
0.06000000;4.03915220
0.06500000;4.35810369
0.07000000;4.67669016
0.07500000;4.99133757
0.08000000;5.30671052
0.08500000;5.61956803
0.09000000;5.92954056
0.09500000;6.24017750
0.10000000;6.54760875
0.10500000;6.85574975
0.11000000;7.16120699
0.11500000;7.46583707
0.12000000;7.77201145
0.12500000;8.09541940
0.13000000;8.44496245
0.13500000;8.82361306
0.14000000;9.23704504
0.14500000;9.70532633
0.15000000;10.24307177
0.15500000;10.87301711
0.16000000;11.62047206
0.16500000;12.48018933
0.17000000;13.37579760
0.17500000;14.11900581
0.18000000;14.92672816
0.18500000;15.81162278
0.19000000;16.63770036
0.19500000;17.33658876
0.20000000;17.97300282
0.20500000;18.56102807
0.21000000;19.11249534
0.21500000;19.65797693
0.22000000;20.19004422
0.22500000;20.69381417
0.23000000;21.18147150
0.23500000;21.66049144
0.24000000;22.18540188
0.24500000;22.76684951
0.25000000;23.40743996
0.25500000;24.09100762
0.26000000;24.77040069
0.26500000;25.43067901
0.27000000;26.06942141
0.27500000;26.69239710
0.28000000;27.27549782
0.28500000;27.82752600
0.29000000;28.34853949
0.29500000;28.84760972
0.30000000;29.33942558
0.30500000;29.82706706
0.31000000;30.31037701
0.31500000;30.78994224
0.32000000;31.25829884
0.32500000;31.71735913
0.33000000;32.16790806
0.33500000;32.60502733
0.34000000;33.06232595
0.34500000;33.57455477
0.35000000;34.15346934
0.35500000;34.80044918
0.36000000;35.50824222
0.36500000;36.25958076
0.37000000;37.06227879
0.37500000;37.87537148
0.38000000;38.64697429
0.38500000;39.35320068
0.39000000;40.04897964
0.39500000;40.71678940
0.40000000;41.36622388
0.40500000;42.11237855
0.41000000;42.88077697
0.41500000;43.61440490
0.42000000;44.29772436
0.42500000;44.94998314
0.43000000;45.54895999
0.43500000;46.11340535
0.44000000;46.64264725
0.44500000;47.15253249
0.45000000;47.63620959
0.45500000;48.10848659
0.46000000;48.56316173
0.46500000;49.01353749
0.47000000;49.43969583
0.47500000;49.86653200
0.48000000;50.28523714
0.48500000;50.69028209
0.49000000;51.08422694
0.49500000;51.47525907
0.50000000;51.85903964
0.50500000;52.24009766
0.51000000;52.61123658
0.51500000;52.98066530
0.52000000;53.34628040
0.52500000;53.70118901
0.53000000;54.05908899
0.53500000;54.42126235
0.54000000;54.80884430
0.54500000;55.23871085
0.55000000;55.72482588
0.55500000;56.28776833
0.56000000;56.94517329
0.56500000;57.68824879
0.57000000;58.51545039
0.57500000;59.29389013
0.58000000;59.97402769
0.58500000;60.58838210
0.59000000;61.16062511
0.59500000;61.74441004
0.60000000;62.35302740
0.60500000;62.93844259
0.61000000;63.49381625
0.61500000;64.12769490
0.62000000;64.86217669
0.62500000;65.66151137
0.63000000;66.36641158
0.63500000;66.99882349
0.64000000;67.63118974
0.64500000;68.29822398
0.65000000;69.01781235
0.65500000;69.75870254
0.66000000;70.43298899
0.66500000;71.03782372
0.67000000;71.62267175
0.67500000;72.16492441
0.68000000;72.68262212
0.68500000;73.18663940
0.69000000;73.66136975
0.69500000;74.11400032
0.70000000;74.57076544
0.70500000;75.00246932
0.71000000;75.42939619
0.71500000;75.84798454
0.72000000;76.26273926
0.72500000;76.68450426
0.73000000;77.11649388
0.73500000;77.55561129
0.74000000;77.99832169
0.74500000;78.42774100
0.75000000;78.84373176
0.75500000;79.25470524
0.76000000;79.65668496
0.76500000;80.05196468
0.77000000;80.44124258
0.77500000;80.82500179
0.78000000;81.23367005
0.78500000;81.69023891
0.79000000;82.20914525
0.79500000;82.83205599
0.80000000;83.59012539
0.80500000;84.45610265
0.81000000;85.34808702
0.81500000;86.17974943
0.82000000;86.89507083
0.82500000;87.53665112
0.83000000;88.16873260
0.83500000;88.89762320
0.84000000;89.70303727
0.84500000;90.55882865
0.85000000;91.41920063
0.85500000;92.15120514
0.86000000;92.80218695
0.86500000;93.40013765
0.87000000;93.96062195
0.87500000;94.50213166
0.88000000;95.02831103
0.88500000;95.53386366
0.89000000;96.03843549
0.89500000;96.55881366
0.90000000;97.08347250
0.90500000;97.58326301
0.91000000;98.06685686
0.91500000;98.53988414
0.92000000;99.00213648
0.92500000;99.45241155
0.93000000;99.89333367
0.93500000;100.32151634
0.94000000;100.73924537
0.94500000;101.15063576
0.95000000;101.55074715
0.95500000;101.94464316
0.96000000;102.33422827
0.96500000;102.71386431
0.97000000;103.08997425
0.97500000;103.46143399
0.98000000;103.82718391
0.98500000;104.18720738
0.99000000;104.54510748
0.99500000;104.89923106
1.00000000;105.21700000
