0.00043757;0.00000000;178.00000000
0.00527304;0.43300000;182.00000000
0.01021327;0.86300000;186.00000000
0.01557342;1.31500000;191.00000000
0.02061759;1.73500000;194.00000000
0.02580316;2.15800000;198.00000000
0.03119710;2.59000000;202.00000000
0.03687458;3.03800000;205.00000000
0.04261962;3.48300000;209.00000000
0.04843367;3.92500000;212.00000000
0.05449479;4.38000000;214.00000000
0.06045052;4.82300000;217.00000000
0.06651118;5.26800000;220.00000000
0.07264203;5.71300000;223.00000000
0.07863159;6.14000000;225.00000000
0.08472735;6.57000000;227.00000000
0.09079002;6.99500000;230.00000000
0.09685030;7.41800000;231.00000000
0.10319190;7.85500000;233.00000000
0.10939030;8.28000000;235.00000000
0.11548770;8.69500000;236.00000000
0.12169330;9.13300000;213.00000000
0.12712320;9.57300000;184.00000000
0.13185170;10.01300000;159.00000000
0.13587770;10.45000000;136.00000000
0.13966120;10.92000000;118.00000000
0.14260440;11.34000000;106.00000000
0.14537130;11.76800000;99.00000000
0.14799950;12.19300000;96.00000000
0.15062660;12.62000000;94.00000000
0.15318360;13.04800000;93.00000000
0.15570660;13.47800000;94.00000000
0.15840350;13.92300000;95.00000000
0.16092650;14.34500000;96.00000000
0.16376430;14.80000000;102.00000000
0.16677670;15.24800000;111.00000000
0.16986000;15.67500000;120.00000000
0.17315310;16.10300000;127.00000000
0.17665680;16.52800000;134.00000000
0.18023020;16.94500000;139.00000000
0.18415370;17.38800000;140.00000000
0.18811260;17.83000000;144.00000000
0.19214160;18.27000000;149.00000000
0.19606540;18.68800000;154.00000000
0.20026880;19.11800000;159.00000000
0.20461340;19.54800000;163.00000000
0.20895750;19.97000000;166.00000000
0.21330160;20.40500000;152.00000000
0.21715490;20.83000000;139.00000000
0.22086920;21.27500000;127.00000000
0.22437260;21.73000000;119.00000000
0.22759550;22.16500000;114.00000000
0.23074760;22.60800000;113.00000000
0.23372670;23.02300000;115.00000000
0.23684380;23.45500000;115.00000000
0.23996170;23.87500000;122.00000000
0.24353450;24.33000000;130.00000000
0.24728220;24.78000000;137.00000000
0.25113750;25.22000000;143.00000000
0.25523560;25.66800000;149.00000000
0.25944110;26.11300000;154.00000000
0.26357470;26.53500000;160.00000000
0.26791890;26.96300000;165.00000000
0.27240310;27.39300000;170.00000000
0.27706270;27.82500000;174.00000000
0.28175710;28.25300000;179.00000000
0.28659190;28.68300000;182.00000000
0.29139150;29.10000000;186.00000000
0.29633110;29.52000000;190.00000000
0.30158620;29.96000000;193.00000000
0.30677130;30.38800000;197.00000000
0.31209630;30.81800000;200.00000000
0.31766410;31.25800000;204.00000000
0.32317240;31.68800000;207.00000000
0.32873810;32.11500000;210.00000000
0.33434260;32.54000000;211.00000000
0.33984270;32.97500000;196.00000000
0.34488760;33.39800000;184.00000000
0.34961700;33.81800000;176.00000000
0.35434690;34.25000000;174.00000000
0.35911110;34.69000000;172.00000000
0.36384100;35.12800000;172.00000000
0.36860560;35.57000000;173.00000000
0.37322960;35.99500000;176.00000000
0.37806350;36.42800000;180.00000000
0.38300240;36.86300000;183.00000000
0.38787530;37.28800000;184.00000000
0.39295110;37.72800000;186.00000000
0.39810590;38.16500000;190.00000000
0.40304400;38.58000000;193.00000000
0.40829890;39.01000000;196.00000000
0.41344840;39.44000000;181.00000000
0.41796770;39.86800000;157.00000000
0.42192660;40.30000000;137.00000000
0.42553520;40.74500000;122.00000000
0.42868810;41.17500000;111.00000000
0.43166600;41.61000000;106.00000000
0.43453840;42.04300000;104.00000000
0.43678000;42.46500000;105.00000000
0.44010880;42.90500000;110.00000000
0.44298150;43.34300000;117.00000000
0.44676490;43.78000000;125.00000000
0.45002280;44.22000000;132.00000000
0.45349090;44.64800000;139.00000000
0.45790590;45.07800000;145.00000000
0.46161760;45.52300000;151.00000000
0.46536180;45.94800000;156.00000000
0.47045120;46.37800000;163.00000000
0.47458420;46.80800000;168.00000000
0.47882190;47.24000000;172.00000000
0.48421500;47.67000000;178.00000000
0.48880570;48.10500000;177.00000000
0.49293950;48.55300000;161.00000000
0.49784450;48.98300000;149.00000000
0.50152240;49.42000000;146.00000000
0.50523620;49.86000000;148.00000000
0.50986060;50.30000000;153.00000000
0.51371490;50.72000000;159.00000000
0.51774170;51.15300000;158.00000000
0.52261300;51.60000000;149.00000000
0.52639660;52.03500000;153.00000000
0.53126670;52.48000000;156.00000000
0.53518900;52.91500000;159.00000000
0.53921850;53.34500000;162.00000000
0.54426350;53.78800000;167.00000000
0.54871090;54.22800000;170.00000000
0.55295470;54.65500000;172.00000000
0.55831250;55.09000000;176.00000000
0.56269180;55.51300000;178.00000000
0.56717660;55.94500000;181.00000000
0.57302590;56.38300000;184.00000000
0.57761600;56.82800000;187.00000000
0.58339600;57.27300000;189.00000000
0.58826560;57.70300000;191.00000000
0.59303010;58.15300000;193.00000000
0.59912620;58.62000000;195.00000000
0.60396080;59.05000000;197.00000000
0.61016170;59.49300000;199.00000000
0.61492650;59.91500000;177.00000000
0.61902430;60.36000000;156.00000000
0.62361460;60.79800000;134.00000000
0.62673140;61.22300000;119.00000000
0.62967560;61.65800000;110.00000000
0.63303850;62.08300000;102.00000000
0.63538520;62.50800000;94.00000000
0.63769770;62.95800000;90.00000000
0.64046380;63.41300000;92.00000000
0.64330460;63.86800000;92.00000000
0.64575420;64.31300000;95.00000000
0.64824580;64.75000000;99.00000000
0.65149900;65.19000000;110.00000000
0.65444370;65.64300000;119.00000000
0.65822900;66.09000000;129.00000000
0.66166040;66.51500000;136.00000000
0.66512850;66.94300000;143.00000000
0.66961330;67.36800000;150.00000000
0.67332610;67.82500000;156.00000000
0.67746070;68.25000000;163.00000000
0.68268340;68.71500000;170.00000000
0.68811110;69.17500000;176.00000000
0.69269910;69.61300000;181.00000000
0.69823700;70.06800000;187.00000000
0.70310160;70.50000000;191.00000000
0.70780010;70.93300000;196.00000000
0.71287820;71.36300000;200.00000000
0.71926390;71.82000000;205.00000000
0.72559700;72.29800000;209.00000000
0.73088730;72.73000000;212.00000000
0.73624740;73.16300000;215.00000000
0.74328920;73.60000000;217.00000000
0.74970020;74.07000000;219.00000000
0.75569080;74.50800000;219.00000000
0.76164700;74.94300000;219.00000000
0.76777780;75.39000000;221.00000000
0.77369820;75.81800000;222.00000000
0.77996940;76.26800000;224.00000000
0.78617190;76.71000000;226.00000000
0.79209080;77.14300000;207.00000000
0.79766150;77.60500000;180.00000000
0.80232060;78.04800000;156.00000000
0.80621000;78.47300000;137.00000000
0.80978290;78.92000000;119.00000000
0.81283030;79.34800000;106.00000000
0.81570400;79.80000000;97.00000000
0.81840110;80.25000000;91.00000000
0.82095870;80.69300000;90.00000000
0.82341070;81.12500000;90.00000000
0.82610830;81.58500000;95.00000000
0.82873610;82.01300000;101.00000000
0.83150350;82.44500000;105.00000000
0.83434140;82.86000000;114.00000000
0.83742480;83.27800000;122.00000000
0.84113790;83.74500000;131.00000000
0.84492110;84.19300000;138.00000000
0.84888020;84.64300000;144.00000000
0.85297910;85.08800000;150.00000000
0.85725340;85.53800000;155.00000000
0.86156260;85.97500000;160.00000000
0.86590490;86.40500000;165.00000000
0.87035690;86.83000000;170.00000000
0.87487440;87.26000000;162.00000000
0.87911400;87.69800000;149.00000000
0.88303760;88.12500000;145.00000000
0.88706840;88.56000000;148.00000000
0.89113150;88.99500000;152.00000000
0.89523070;89.41800000;158.00000000
0.89949890;89.84000000;164.00000000
0.90398970;90.26800000;170.00000000
0.90850730;90.68800000;175.00000000
0.91337690;91.12800000;179.00000000
0.91803670;91.54000000;183.00000000
0.92290710;91.99300000;160.00000000
0.92704210;92.43800000;137.00000000
0.93068390;92.90300000;115.00000000
0.93369640;93.35500000;99.00000000
0.93632320;93.79000000;90.00000000
0.93874180;94.22500000;85.00000000
0.94122830;94.68000000;83.00000000
0.94378570;95.14800000;87.00000000
0.94620310;95.58000000;90.00000000
0.94879620;96.02300000;97.00000000
0.95152720;96.45500000;101.00000000
0.95425710;96.87800000;106.00000000
0.95734480;97.32300000;114.00000000
0.96042930;97.74800000;121.00000000
0.96382500;98.18000000;128.00000000
0.96764390;98.64300000;136.00000000
0.97167120;99.10500000;143.00000000
0.97559480;99.53500000;148.00000000
0.97966010;99.96800000;154.00000000
0.98389670;100.40000000;160.00000000
0.98810250;100.81500000;165.00000000
0.99251730;101.23800000;170.00000000
0.99710700;101.66500000;174.00000000
