0.00063733;0.00000000;177.00000000
0.00699575;0.46200000;180.00000000
0.01310255;0.89200000;183.00000000
0.01907045;1.30500000;185.00000000
0.02547851;1.74700000;187.00000000
0.03184284;2.17700000;189.00000000
0.03851382;2.62700000;192.00000000
0.04522928;3.07000000;195.00000000
0.05251555;3.54500000;198.00000000
0.05932287;3.98000000;201.00000000
0.06708688;4.47000000;204.00000000
0.07476705;4.94700000;207.00000000
0.08169996;5.37500000;209.00000000
0.08907691;5.82500000;204.00000000
0.09583524;6.27000000;186.00000000
0.10176070;6.69700000;169.00000000
0.10734050;7.14200000;152.00000000
0.11238030;7.59000000;134.00000000
0.11663930;8.01700000;119.00000000
0.12063330;8.47500000;104.00000000
0.12392500;8.90200000;91.00000000
0.12695380;9.34200000;83.00000000
0.12985000;9.78700000;79.00000000
0.13265920;10.23500000;78.00000000
0.13546850;10.68500000;78.00000000
0.13840860;11.14500000;79.00000000
0.14126200;11.59000000;81.00000000
0.14420230;12.03700000;83.00000000
0.14731800;12.50200000;86.00000000
0.15034650;12.93200000;88.00000000
0.15346100;13.36200000;96.00000000
0.15693220;13.80200000;104.00000000
0.16070470;14.24700000;112.00000000
0.16460370;14.67700000;119.00000000
0.16877980;15.11700000;125.00000000
0.17334580;15.57000000;131.00000000
0.17773440;15.99000000;137.00000000
0.18260640;16.43500000;142.00000000
0.18757040;16.87200000;147.00000000
0.19274550;17.31200000;152.00000000
0.19779250;17.75200000;141.00000000
0.20235710;18.18200000;128.00000000
0.20657060;18.62200000;118.00000000
0.21052100;19.06200000;110.00000000
0.21451480;19.53000000;107.00000000
0.21824600;19.97500000;105.00000000
0.22188850;20.41500000;106.00000000
0.22561880;20.86200000;108.00000000
0.22948140;21.30500000;114.00000000
0.23338800;21.73200000;120.00000000
0.23764520;22.17000000;126.00000000
0.24181690;22.58500000;132.00000000
0.24654540;23.03200000;138.00000000
0.25129050;23.46200000;143.00000000
0.25634410;23.90700000;148.00000000
0.26160820;24.35200000;153.00000000
0.26697260;24.79500000;158.00000000
0.27219150;25.21200000;161.00000000
0.27754160;25.65500000;146.00000000
0.28232510;26.08700000;136.00000000
0.28684740;26.52000000;131.00000000
0.29119140;26.94200000;131.00000000
0.29571230;27.38000000;129.00000000
0.30027680;27.82700000;133.00000000
0.30506100;28.27700000;138.00000000
0.30975560;28.70500000;143.00000000
0.31475760;29.14500000;148.00000000
0.31993870;29.58500000;153.00000000
0.32547030;30.03700000;157.00000000
0.33073630;30.46000000;162.00000000
0.33609200;30.87700000;165.00000000
0.34201690;31.33000000;169.00000000
0.34785440;31.76700000;173.00000000
0.35404290;32.21700000;177.00000000
0.35983660;32.63200000;180.00000000
0.36580560;33.05500000;183.00000000
0.37216930;33.49500000;186.00000000
0.37822670;33.90700000;189.00000000
0.38437010;34.32000000;192.00000000
0.39078180;34.74500000;194.00000000
0.39740770;35.18700000;182.00000000
0.40311610;35.61000000;164.00000000
0.40855490;36.06200000;145.00000000
0.41333920;36.50700000;130.00000000
0.41750880;36.93200000;119.00000000
0.42137040;37.36000000;111.00000000
0.42527760;37.81000000;108.00000000
0.42896380;38.24200000;109.00000000
0.43203680;38.68500000;109.00000000
0.43629380;39.12700000;114.00000000
0.44002440;39.56500000;118.00000000
0.44388690;39.97700000;123.00000000
0.44880270;40.41500000;129.00000000
0.45279650;40.86200000;133.00000000
0.45718640;41.27700000;138.00000000
0.46257590;41.71000000;143.00000000
0.46732180;42.15700000;148.00000000
0.47303050;42.58700000;152.00000000
0.47794590;43.03200000;156.00000000
0.48281790;43.47000000;159.00000000
0.48918190;43.92200000;163.00000000
0.49458040;44.38000000;166.00000000
0.50094460;44.82200000;170.00000000
0.50625510;45.24500000;172.00000000
0.51292960;45.69000000;176.00000000
0.51846900;46.13000000;179.00000000
0.52547960;46.59500000;170.00000000
0.53048210;47.02700000;156.00000000
0.53636280;47.49200000;142.00000000
0.54074790;47.94700000;134.00000000
0.54593140;48.38700000;133.00000000
0.55023400;48.84700000;138.00000000
0.55453610;49.27700000;142.00000000
0.56019670;49.70700000;146.00000000
0.56484880;50.14500000;148.00000000
0.56950160;50.56500000;152.00000000
0.57560230;51.03500000;155.00000000
0.58051810;51.48200000;158.00000000
0.58666290;51.93000000;161.00000000
0.59183800;52.36000000;163.00000000
0.59824960;52.81500000;165.00000000
0.60343000;53.24700000;167.00000000
0.61013900;53.72200000;170.00000000
0.61532130;54.16200000;172.00000000
0.62225420;54.61500000;175.00000000
0.62761440;55.05500000;178.00000000
0.63472940;55.49500000;181.00000000
0.64034050;55.92000000;183.00000000
0.64622230;56.35000000;185.00000000
0.65324480;56.78700000;175.00000000
0.65851210;57.21500000;158.00000000
0.66321020;57.64000000;146.00000000
0.66768250;58.06700000;135.00000000
0.67260160;58.51200000;117.00000000
0.67597840;58.94700000;102.00000000
0.67949370;59.36500000;87.00000000
0.68234570;59.80500000;76.00000000
0.68484450;60.22200000;70.00000000
0.68730260;60.65700000;73.00000000
0.69002460;61.10000000;81.00000000
0.69287430;61.53000000;89.00000000
0.69603930;61.97000000;93.00000000
0.69941630;62.40700000;103.00000000
0.70305930;62.83200000;112.00000000
0.70692180;63.26000000;119.00000000
0.71109120;63.69500000;124.00000000
0.71526060;64.11200000;131.00000000
0.71995710;64.56000000;138.00000000
0.72500470;65.01500000;145.00000000
0.73031510;65.47000000;151.00000000
0.73531870;65.90200000;143.00000000
0.74027840;66.35700000;135.00000000
0.74466720;66.78000000;130.00000000
0.74914430;67.22500000;128.00000000
0.75370900;67.67200000;128.00000000
0.75818570;68.11000000;132.00000000
0.76248690;68.52000000;136.00000000
0.76718310;68.95500000;139.00000000
0.77196750;69.38700000;144.00000000
0.77692680;69.82000000;149.00000000
0.78210620;70.26000000;151.00000000
0.78732900;70.69200000;156.00000000
0.79263790;71.12000000;161.00000000
0.79838800;71.57000000;166.00000000
0.80396220;71.99200000;170.00000000
0.80945330;72.41000000;162.00000000
0.81476250;72.85000000;146.00000000
0.81941310;73.27200000;134.00000000
0.82393380;73.71700000;128.00000000
0.82832310;74.15200000;127.00000000
0.83284370;74.60500000;127.00000000
0.83732030;75.04500000;130.00000000
0.84179700;75.47500000;133.00000000
0.84636200;75.90500000;137.00000000
0.85110230;76.33700000;142.00000000
0.85601780;76.77000000;147.00000000
0.86079940;77.18000000;152.00000000
0.86602230;77.61000000;157.00000000
0.87142040;78.04200000;161.00000000
0.87677790;78.46200000;165.00000000
0.88248540;78.90000000;169.00000000
0.88832270;79.35500000;155.00000000
0.89337670;79.79500000;137.00000000
0.89767610;80.22500000;119.00000000
0.90131150;80.64500000;103.00000000
0.90456040;81.07700000;87.00000000
0.90736810;81.52000000;75.00000000
0.90978380;81.94500000;68.00000000
0.91206750;82.36200000;66.00000000
0.91439250;82.78700000;68.00000000
0.91684850;83.21700000;73.00000000
0.91952510;83.67000000;78.00000000
0.92242370;84.11000000;87.00000000
0.92545370;84.53700000;95.00000000
0.92900530;84.99000000;104.00000000
0.93286670;85.44700000;111.00000000
0.93694770;85.90000000;118.00000000
0.94098510;86.32500000;125.00000000
0.94550990;86.77500000;131.00000000
0.95025070;87.22700000;137.00000000
0.95520980;87.68000000;143.00000000
0.96012550;88.11000000;148.00000000
0.96534850;88.55200000;153.00000000
0.97092260;89.01000000;158.00000000
0.97671660;89.47000000;163.00000000
0.98237970;89.91000000;167.00000000
0.98817370;90.35000000;170.00000000
0.99401140;90.78200000;174.00000000
