0.00173517;0.13700000;196.00000000
0.00836025;0.56500000;199.00000000
0.01542755;1.01500000;201.00000000
0.02231839;1.45000000;204.00000000
0.02929701;1.88500000;207.00000000
0.03636326;2.32000000;209.00000000
0.04334173;2.74200000;212.00000000
0.05084584;3.19000000;216.00000000
0.05849018;3.63700000;220.00000000
0.06581383;4.06200000;222.00000000
0.07345060;4.49700000;225.00000000
0.08117318;4.93200000;228.00000000
0.08907691;5.38500000;214.00000000
0.09579135;5.80700000;194.00000000
0.10198040;6.23500000;175.00000000
0.10747210;6.66200000;155.00000000
0.11251210;7.10200000;136.00000000
0.11677100;7.52500000;120.00000000
0.12067720;7.97000000;105.00000000
0.12414430;8.40700000;95.00000000
0.12726120;8.84500000;86.00000000
0.13028820;9.29000000;83.00000000
0.13314230;9.73000000;82.00000000
0.13616930;10.18500000;82.00000000
0.13906740;10.62500000;84.00000000
0.14187540;11.03700000;86.00000000
0.14494880;11.48000000;88.00000000
0.14806410;11.91200000;92.00000000
0.15122450;12.33700000;96.00000000
0.15460280;12.77000000;104.00000000
0.15873440;13.24700000;115.00000000
0.16315750;13.71500000;125.00000000
0.16741980;14.13700000;133.00000000
0.17207400;14.57200000;141.00000000
0.17720770;15.02700000;148.00000000
0.18238640;15.46200000;155.00000000
0.18783420;15.90000000;161.00000000
0.19353460;16.34700000;159.00000000
0.19871430;16.78500000;145.00000000
0.20367390;17.24200000;131.00000000
0.20788710;17.67200000;121.00000000
0.21179390;18.09500000;114.00000000
0.21561210;18.52200000;112.00000000
0.21960610;18.97700000;111.00000000
0.22329320;19.39700000;113.00000000
0.22702350;19.81200000;117.00000000
0.23101740;20.23700000;123.00000000
0.23536320;20.67200000;131.00000000
0.24001470;21.11200000;139.00000000
0.24479350;21.54200000;146.00000000
0.25019270;22.00200000;153.00000000
0.25550870;22.43500000;160.00000000
0.26130050;22.89000000;166.00000000
0.26710440;23.33000000;171.00000000
0.27293580;23.76200000;168.00000000
0.27841930;24.20000000;152.00000000
0.28333500;24.62700000;143.00000000
0.28816350;25.06500000;139.00000000
0.29290310;25.50000000;140.00000000
0.29759970;25.93500000;140.00000000
0.30242790;26.37200000;145.00000000
0.30764970;26.82200000;152.00000000
0.31291620;27.25500000;157.00000000
0.31835620;27.69000000;163.00000000
0.32428490;28.14200000;169.00000000
0.33007810;28.57500000;175.00000000
0.33574080;28.98500000;179.00000000
0.34201690;29.42500000;184.00000000
0.34829330;29.85500000;189.00000000
0.35465740;30.28200000;193.00000000
0.36141670;30.72500000;197.00000000
0.36826330;31.16500000;201.00000000
0.37528570;31.60700000;204.00000000
0.38248460;32.05200000;208.00000000
0.38950770;32.48200000;211.00000000
0.39653170;32.92000000;194.00000000
0.40289640;33.36500000;173.00000000
0.40864260;33.82000000;151.00000000
0.41364640;34.26500000;135.00000000
0.41807940;34.70200000;124.00000000
0.42233630;35.15500000;116.00000000
0.42624300;35.58500000;114.00000000
0.43010530;36.01500000;115.00000000
0.43418670;36.48000000;119.00000000
0.43800620;36.91500000;123.00000000
0.44208730;37.33200000;129.00000000
0.44713480;37.76700000;137.00000000
0.45161160;38.20200000;143.00000000
0.45622300;38.63700000;149.00000000
0.46226670;39.07700000;156.00000000
0.46727780;39.49000000;161.00000000
0.47241770;39.92000000;165.00000000
0.47899930;40.37000000;171.00000000
0.48435410;40.82700000;175.00000000
0.49120080;41.27200000;180.00000000
0.49695060;41.69200000;184.00000000
0.50265630;42.13000000;188.00000000
0.51020460;42.56000000;193.00000000
0.51626530;43.00200000;196.00000000
0.52258370;43.44700000;188.00000000
0.52925410;43.89200000;168.00000000
0.53452460;44.32700000;153.00000000
0.54008950;44.77200000;142.00000000
0.54470310;45.22200000;142.00000000
0.55019000;45.65500000;147.00000000
0.55497470;46.10200000;153.00000000
0.55975780;46.53000000;158.00000000
0.56599000;46.95500000;162.00000000
0.57116950;47.39000000;166.00000000
0.57652400;47.81000000;169.00000000
0.58179090;48.24500000;173.00000000
0.58855020;48.67500000;177.00000000
0.59416360;49.10200000;180.00000000
0.59996280;49.55000000;183.00000000
0.60707050;49.98000000;187.00000000
0.61295120;50.40200000;190.00000000
0.61901060;50.83500000;193.00000000
0.62647220;51.27000000;197.00000000
0.63292840;51.71700000;199.00000000
0.63919510;52.14200000;202.00000000
0.64714390;52.58500000;203.00000000
0.65302530;53.01200000;184.00000000
0.65864380;53.45200000;164.00000000
0.66465600;53.89000000;149.00000000
0.66908910;54.32500000;136.00000000
0.67409180;54.76700000;115.00000000
0.67786960;55.21700000;98.00000000
0.68107420;55.66500000;84.00000000
0.68383680;56.11200000;72.00000000
0.68638030;56.53700000;76.00000000
0.68919130;56.98500000;83.00000000
0.69212740;57.41500000;91.00000000
0.69533580;57.84200000;99.00000000
0.69902130;58.29700000;109.00000000
0.70288380;58.72200000;120.00000000
0.70696570;59.14200000;127.00000000
0.71157400;59.59200000;134.00000000
0.71662130;60.05700000;143.00000000
0.72153710;60.48200000;152.00000000
0.72671630;60.90500000;159.00000000
0.73220230;61.34200000;157.00000000
0.73742510;61.78000000;147.00000000
0.74234110;62.22000000;139.00000000
0.74686220;62.64000000;136.00000000
0.75160210;63.08000000;136.00000000
0.75656160;63.54200000;138.00000000
0.76117020;63.95500000;144.00000000
0.76604220;64.38200000;147.00000000
0.77135290;64.83500000;152.00000000
0.77657570;65.26500000;158.00000000
0.78215000;65.71000000;162.00000000
0.78781180;66.15000000;168.00000000
0.79368870;66.58700000;174.00000000
0.79992510;67.03700000;180.00000000
0.80611440;67.47200000;182.00000000
0.81221750;67.92700000;162.00000000
0.81739220;68.35700000;146.00000000
0.82222220;68.79500000;136.00000000
0.82678680;69.22200000;134.00000000
0.83143910;69.66200000;135.00000000
0.83626680;70.11200000;137.00000000
0.84113860;70.55500000;142.00000000
0.84618650;71.00000000;146.00000000
0.85110230;71.41700000;153.00000000
0.85641280;71.85200000;159.00000000
0.86202620;72.29500000;165.00000000
0.86777820;72.73200000;171.00000000
0.87365660;73.16500000;177.00000000
0.88007040;73.62000000;182.00000000
0.88625710;74.07700000;164.00000000
0.89148390;74.50500000;147.00000000
0.89609850;74.93500000;129.00000000
0.90017280;75.36700000;111.00000000
0.90359380;75.79700000;94.00000000
0.90657930;76.22700000;82.00000000
0.90934480;76.67700000;72.00000000
0.91184810;77.11700000;69.00000000
0.91426090;77.55200000;72.00000000
0.91671700;77.96700000;76.00000000
0.91948120;78.41000000;82.00000000
0.92233580;78.82500000;91.00000000
0.92554130;79.24700000;102.00000000
0.92918120;79.68200000;112.00000000
0.93312980;80.11500000;122.00000000
0.93743140;80.55200000;129.00000000
0.94177690;80.96500000;137.00000000
0.94665200;81.40700000;145.00000000
0.95174240;81.84700000;152.00000000
0.95700940;82.28000000;158.00000000
0.96249570;82.71200000;165.00000000
0.96828930;83.15500000;170.00000000
0.97430170;83.59700000;176.00000000
0.98075530;84.05700000;182.00000000
0.98720810;84.50500000;187.00000000
0.99370470;84.94500000;191.00000000
