0.00195426;0.15000000;194.00000000
0.00871133;0.59000000;198.00000000
0.01564696;1.03200000;201.00000000
0.02258172;1.47000000;203.00000000
0.02991148;1.92700000;206.00000000
0.03697774;2.36500000;208.00000000
0.04426356;2.81000000;211.00000000
0.05185649;3.26500000;215.00000000
0.05941041;3.71000000;218.00000000
0.06691129;4.14700000;221.00000000
0.07459133;4.59000000;224.00000000
0.08262272;5.04500000;227.00000000
0.09056829;5.49000000;229.00000000
0.09794218;5.92500000;204.00000000
0.10470330;6.37700000;177.00000000
0.11027600;6.80500000;154.00000000
0.11497140;7.22700000;131.00000000
0.11922830;7.67200000;113.00000000
0.12300370;8.12000000;100.00000000
0.12625120;8.55000000;91.00000000
0.12923660;8.97200000;85.00000000
0.13213220;9.41000000;83.00000000
0.13498670;9.84000000;83.00000000
0.13801340;10.28700000;85.00000000
0.14104290;10.73000000;86.00000000
0.14402670;11.15700000;88.00000000
0.14709880;11.58200000;92.00000000
0.15034650;12.01700000;96.00000000
0.15394410;12.47500000;102.00000000
0.15772340;12.92500000;111.00000000
0.16166910;13.35700000;121.00000000
0.16574770;13.77500000;130.00000000
0.17036200;14.21500000;138.00000000
0.17527670;14.66000000;144.00000000
0.18027860;15.09500000;151.00000000
0.18568000;15.54000000;158.00000000
0.19108150;15.97200000;163.00000000
0.19647570;16.39000000;161.00000000
0.20174260;16.83200000;143.00000000
0.20630730;17.26200000;129.00000000
0.21052100;17.69000000;120.00000000
0.21469040;18.14000000;116.00000000
0.21868470;18.58200000;114.00000000
0.22250300;19.00500000;115.00000000
0.22623330;19.42000000;118.00000000
0.23035890;19.84700000;126.00000000
0.23474880;20.28000000;134.00000000
0.23931260;20.70500000;140.00000000
0.24444260;21.16200000;147.00000000
0.24949180;21.59200000;154.00000000
0.25489400;22.03000000;160.00000000
0.26028910;22.45200000;166.00000000
0.26600380;22.88200000;172.00000000
0.27170830;23.30200000;176.00000000
0.27771720;23.74700000;163.00000000
0.28298380;24.17700000;150.00000000
0.28790020;24.60500000;145.00000000
0.29299080;25.05000000;145.00000000
0.29768750;25.46700000;145.00000000
0.30269130;25.90200000;150.00000000
0.30791260;26.33500000;156.00000000
0.31344250;26.78000000;162.00000000
0.31905850;27.21200000;168.00000000
0.32463620;27.62700000;174.00000000
0.33047300;28.05200000;177.00000000
0.33679440;28.50200000;182.00000000
0.34307030;28.93700000;187.00000000
0.34943440;29.36700000;191.00000000
0.35610580;29.80700000;195.00000000
0.36282120;30.24200000;199.00000000
0.36957980;30.67200000;203.00000000
0.37633910;31.09500000;206.00000000
0.38353800;31.53700000;209.00000000
0.39051820;31.96200000;212.00000000
0.39762740;32.39200000;206.00000000
0.40412770;32.82200000;180.00000000
0.40974000;33.25200000;157.00000000
0.41478740;33.68700000;138.00000000
0.41930840;34.12700000;125.00000000
0.42347760;34.56200000;118.00000000
0.42694500;35.00200000;117.00000000
0.43155400;35.42700000;119.00000000
0.43532810;35.85500000;123.00000000
0.43936620;36.28500000;129.00000000
0.44344800;36.71000000;135.00000000
0.44889040;37.15700000;141.00000000
0.45349870;37.60500000;147.00000000
0.45933350;38.03000000;154.00000000
0.46429140;38.47200000;159.00000000
0.46938720;38.91000000;164.00000000
0.47592680;39.33700000;170.00000000
0.48141340;39.76700000;174.00000000
0.48676800;40.20200000;177.00000000
0.49374650;40.63200000;182.00000000
0.49940850;41.06700000;186.00000000
0.50528960;41.52500000;189.00000000
0.51292960;41.96200000;194.00000000
0.52052440;42.43200000;198.00000000
0.52662070;42.86500000;189.00000000
0.53237040;43.31200000;167.00000000
0.53728350;43.72000000;153.00000000
0.54308070;44.15500000;148.00000000
0.54786150;44.60000000;150.00000000
0.55374690;45.02700000;157.00000000
0.55874820;45.47000000;161.00000000
0.56397100;45.89500000;164.00000000
0.57037940;46.35000000;169.00000000
0.57586560;46.79200000;173.00000000
0.58275640;47.24200000;176.00000000
0.58833090;47.69700000;179.00000000
0.59535250;48.14200000;182.00000000
0.60106120;48.60500000;185.00000000
0.60838430;49.04200000;188.00000000
0.61422430;49.48500000;191.00000000
0.62168500;49.93000000;195.00000000
0.62787800;50.35500000;198.00000000
0.63424480;50.79000000;200.00000000
0.64209650;51.24000000;203.00000000
0.64854830;51.68700000;206.00000000
0.65609840;52.13000000;185.00000000
0.66154160;52.56200000;165.00000000
0.66649690;53.00000000;150.00000000
0.67198710;53.44000000;127.00000000
0.67580240;53.86500000;105.00000000
0.67909900;54.29500000;88.00000000
0.68190740;54.73700000;73.00000000
0.68440640;55.16700000;72.00000000
0.68712690;55.61000000;78.00000000
0.68993700;56.03700000;87.00000000
0.69291830;56.45500000;94.00000000
0.69625910;56.89700000;100.00000000
0.69967970;57.31200000;110.00000000
0.70398070;57.78000000;121.00000000
0.70841390;58.23000000;131.00000000
0.71319790;58.68200000;138.00000000
0.71789420;59.10500000;146.00000000
0.72281000;59.52500000;154.00000000
0.72820850;59.96000000;161.00000000
0.73369470;60.38500000;164.00000000
0.73918110;60.82700000;152.00000000
0.74431600;61.26700000;145.00000000
0.74936370;61.71500000;143.00000000
0.75445510;62.16200000;143.00000000
0.75963440;62.61500000;148.00000000
0.76507680;63.07200000;152.00000000
0.77025570;63.49700000;157.00000000
0.77574190;63.93700000;163.00000000
0.78122820;64.36200000;167.00000000
0.78715340;64.81000000;172.00000000
0.79316320;65.24700000;177.00000000
0.79926630;65.68000000;183.00000000
0.80576290;66.12700000;188.00000000
0.81208570;66.56700000;174.00000000
0.81796350;67.02700000;153.00000000
0.82310000;67.47000000;143.00000000
0.82797190;67.90700000;142.00000000
0.83293150;68.34700000;142.00000000
0.83771540;68.77000000;146.00000000
0.84293840;69.21700000;151.00000000
0.84838090;69.67200000;155.00000000
0.85377960;70.11000000;161.00000000
0.85957270;70.55700000;168.00000000
0.86514350;70.97500000;173.00000000
0.87137660;71.43000000;178.00000000
0.87796240;71.89500000;183.00000000
0.88401990;72.31200000;183.00000000
0.88994870;72.75500000;162.00000000
0.89504720;73.18700000;139.00000000
0.89929560;73.61000000;119.00000000
0.90306650;74.04700000;100.00000000
0.90614120;74.47200000;85.00000000
0.90899350;74.92000000;74.00000000
0.91149690;75.35000000;70.00000000
0.91417320;75.83000000;71.00000000
0.91667310;76.26000000;74.00000000
0.91956900;76.73500000;80.00000000
0.92246750;77.16500000;91.00000000
0.92571660;77.59200000;103.00000000
0.92970860;78.06700000;112.00000000
0.93405120;78.54200000;122.00000000
0.93857290;78.99500000;131.00000000
0.94309520;79.42200000;138.00000000
0.94827680;79.89000000;146.00000000
0.95336630;80.32200000;153.00000000
0.95858930;80.75000000;159.00000000
0.96425130;81.19500000;166.00000000
0.97035210;81.65500000;172.00000000
0.97614570;82.08000000;176.00000000
0.98251170;82.53500000;181.00000000
0.98878810;82.97200000;186.00000000
0.99497570;83.39200000;190.00000000
