0.00183432;0.17200000;186.00000000
0.00724443;0.60500000;189.00000000
0.01252268;1.01700000;192.00000000
0.01823954;1.46000000;195.00000000
0.02362718;1.87000000;197.00000000
0.02949261;2.31200000;200.00000000
0.03508494;2.73000000;202.00000000
0.04080911;3.15500000;194.00000000
0.04632600;3.60500000;173.00000000
0.05087815;4.01500000;157.00000000
0.05531442;4.46000000;141.00000000
0.05907412;4.87700000;129.00000000
0.06279773;5.32200000;120.00000000
0.06623746;5.75700000;116.00000000
0.06962391;6.19200000;118.00000000
0.07315858;6.62700000;121.00000000
0.07671721;7.05500000;127.00000000
0.08035916;7.49200000;116.00000000
0.08355408;7.93200000;101.00000000
0.08640702;8.37200000;90.00000000
0.08884560;8.78200000;84.00000000
0.09125428;9.20700000;83.00000000
0.09369324;9.64000000;83.00000000
0.09613506;10.06200000;90.00000000
0.09899059;10.51000000;99.00000000
0.10193480;10.94000000;106.00000000
0.10514450;11.37500000;114.00000000
0.10875390;11.83200000;121.00000000
0.11221330;12.25000000;126.00000000
0.11582130;12.67200000;128.00000000
0.11952990;13.10200000;130.00000000
0.12325110;13.52700000;131.00000000
0.12730560;13.98200000;136.00000000
0.13132460;14.41500000;141.00000000
0.13549370;14.84700000;146.00000000
0.13977790;15.28000000;150.00000000
0.14436400;15.72500000;155.00000000
0.14876090;16.14200000;159.00000000
0.15323770;16.55700000;163.00000000
0.15809230;16.99700000;166.00000000
0.16304140;17.44000000;170.00000000
0.16802870;17.87200000;173.00000000
0.17283280;18.29500000;161.00000000
0.17723000;18.72700000;143.00000000
0.18098600;19.14500000;124.00000000
0.18425460;19.56700000;108.00000000
0.18711080;19.98700000;94.00000000
0.18962670;20.41000000;84.00000000
0.19203100;20.84700000;77.00000000
0.19420810;21.26500000;74.00000000
0.19638630;21.69000000;74.00000000
0.19867740;22.13200000;78.00000000
0.20096540;22.56000000;79.00000000
0.20333160;23.00200000;83.00000000
0.20580960;23.42200000;91.00000000
0.20852030;23.85700000;92.00000000
0.21111270;24.27700000;92.00000000
0.21392910;24.72700000;93.00000000
0.21654400;25.16000000;93.00000000
0.21931280;25.59500000;98.00000000
0.22232020;26.04000000;106.00000000
0.22536940;26.45500000;113.00000000
0.22880650;26.89500000;120.00000000
0.23222940;27.31000000;124.00000000
0.23584570;27.74000000;129.00000000
0.23957920;28.16700000;128.00000000
0.24321590;28.59200000;129.00000000
0.24704930;29.02700000;133.00000000
0.25099270;29.46000000;139.00000000
0.25501400;29.88500000;144.00000000
0.25929960;30.32000000;149.00000000
0.26399650;30.78200000;154.00000000
0.26831580;31.19500000;159.00000000
0.27330970;31.65700000;163.00000000
0.27803930;32.08500000;167.00000000
0.28322160;32.54000000;172.00000000
0.28837090;32.98500000;176.00000000
0.29355690;33.41700000;180.00000000
0.29900190;33.86500000;184.00000000
0.30463740;34.31700000;188.00000000
0.31023460;34.76000000;191.00000000
0.31605600;35.21000000;195.00000000
0.32187290;35.65500000;197.00000000
0.32773420;36.09500000;200.00000000
0.33381720;36.54500000;203.00000000
0.33971580;36.97700000;206.00000000
0.34576300;37.41200000;209.00000000
0.35173530;37.83700000;211.00000000
0.35819600;38.29200000;214.00000000
0.36439220;38.72500000;210.00000000
0.37013690;39.15500000;190.00000000
0.37513780;39.57000000;171.00000000
0.37995580;40.01500000;151.00000000
0.38400400;40.44200000;132.00000000
0.38764610;40.88000000;115.00000000
0.39080010;41.31200000;102.00000000
0.39357670;41.74000000;91.00000000
0.39617150;42.17000000;85.00000000
0.39879990;42.62200000;85.00000000
0.40131580;43.04500000;88.00000000
0.40394110;43.49200000;89.00000000
0.40683310;43.95200000;96.00000000
0.40976150;44.38700000;102.00000000
0.41269830;44.80500000;108.00000000
0.41603800;45.24700000;115.00000000
0.41941610;45.67500000;122.00000000
0.42294710;46.09700000;127.00000000
0.42681180;46.54200000;132.00000000
0.43064890;46.96700000;137.00000000
0.43478350;47.40700000;143.00000000
0.43899150;47.84000000;148.00000000
0.44357300;48.29500000;153.00000000
0.44804260;48.72200000;158.00000000
0.45273630;49.16000000;162.00000000
0.45698090;49.60200000;165.00000000
0.46261490;50.05000000;170.00000000
0.46712430;50.48700000;173.00000000
0.47193180;50.91200000;177.00000000
0.47789560;51.34700000;181.00000000
0.48282220;51.78000000;184.00000000
0.48756060;52.21200000;169.00000000
0.49286200;52.65700000;149.00000000
0.49664320;53.08200000;134.00000000
0.50006170;53.52000000;119.00000000
0.50378410;53.94500000;103.00000000
0.50652720;54.36000000;93.00000000
0.50893010;54.79700000;86.00000000
0.51122010;55.22700000;83.00000000
0.51399760;55.65200000;81.00000000
0.51621180;56.08500000;81.00000000
0.51847080;56.52000000;85.00000000
0.52143810;56.96000000;88.00000000
0.52376410;57.41000000;90.00000000
0.52684250;57.86000000;94.00000000
0.52950550;58.31200000;100.00000000
0.53300280;58.75000000;109.00000000
0.53608250;59.19200000;116.00000000
0.54004430;59.64700000;124.00000000
0.54339290;60.09700000;129.00000000
0.54701100;60.52000000;134.00000000
0.55155790;60.96700000;141.00000000
0.55535670;61.39500000;146.00000000
0.56049200;61.85700000;152.00000000
0.56458810;62.27500000;156.00000000
0.56868490;62.71500000;161.00000000
0.57432100;63.15700000;165.00000000
0.57875460;63.59200000;169.00000000
0.58333540;64.02500000;173.00000000
0.58912010;64.45000000;177.00000000
0.59385250;64.89500000;181.00000000
0.59877250;65.33200000;184.00000000
0.60504490;65.76700000;189.00000000
0.61026550;66.21000000;192.00000000
0.61676500;66.65700000;195.00000000
0.62206230;67.08200000;198.00000000
0.62728510;67.50500000;200.00000000
0.63408070;67.95700000;203.00000000
0.63956450;68.39200000;206.00000000
0.64504690;68.82000000;208.00000000
0.65210830;69.27200000;211.00000000
0.65770570;69.70200000;213.00000000
0.66484250;70.14500000;215.00000000
0.67081470;70.59700000;216.00000000
0.67644730;71.03700000;217.00000000
0.68391990;71.45700000;219.00000000
0.68959770;71.90000000;221.00000000
0.69571770;72.31700000;223.00000000
0.70168730;72.73200000;224.00000000
0.70931310;73.15700000;227.00000000
0.71528800;73.58500000;228.00000000
0.72126040;74.01200000;229.00000000
0.72925790;74.46000000;230.00000000
0.73631850;74.92000000;230.00000000
0.74281700;75.34700000;221.00000000
0.74894040;75.77700000;204.00000000
0.75453650;76.20700000;187.00000000
0.75957210;76.62500000;172.00000000
0.76426910;77.05200000;157.00000000
0.76862340;77.47700000;148.00000000
0.77278930;77.90700000;143.00000000
0.77695940;78.34000000;142.00000000
0.78109010;78.77000000;145.00000000
0.78532960;79.20000000;148.00000000
0.78968470;79.64000000;149.00000000
0.79411960;80.07700000;153.00000000
0.79829810;80.51000000;135.00000000
0.80198560;80.95200000;116.00000000
0.80496740;81.36500000;100.00000000
0.80765380;81.78500000;88.00000000
0.81013160;82.22000000;80.00000000
0.81234570;82.64200000;74.00000000
0.81459920;83.09700000;70.00000000
0.81666150;83.52500000;68.00000000
0.81868360;83.94000000;71.00000000
0.82086600;84.38200000;71.00000000
0.82296640;84.79200000;79.00000000
0.82544210;85.23700000;88.00000000
0.82806370;85.65500000;96.00000000
0.83099680;86.10000000;103.00000000
0.83419470;86.54200000;111.00000000
0.83754460;86.98000000;119.00000000
0.84111730;87.41500000;124.00000000
0.84473040;87.83700000;130.00000000
0.84881730;88.29700000;136.00000000
0.85291210;88.73700000;141.00000000
0.85696720;89.16200000;140.00000000
0.86083380;89.58200000;133.00000000
0.86462940;90.01000000;132.00000000
0.86849300;90.44000000;136.00000000
0.87262560;90.88500000;141.00000000
0.87675120;91.31200000;146.00000000
0.88103770;91.74000000;151.00000000
0.88558110;92.18700000;155.00000000
0.89028350;92.63200000;160.00000000
0.89494660;93.06000000;164.00000000
0.89978720;93.49700000;168.00000000
0.90470710;93.92700000;172.00000000
0.90947900;94.36200000;155.00000000
0.91353500;94.77700000;137.00000000
0.91717400;95.20000000;122.00000000
0.92066800;95.64200000;112.00000000
0.92400990;96.09700000;108.00000000
0.92697640;96.50500000;110.00000000
0.93016730;96.92500000;114.00000000
0.93354090;97.35200000;120.00000000
0.93714860;97.79700000;124.00000000
0.94078930;98.22500000;129.00000000
0.94461680;98.66000000;134.00000000
0.94838170;99.07000000;139.00000000
0.95262870;99.51700000;145.00000000
0.95699020;99.95700000;150.00000000
0.96135130;100.38500000;155.00000000
0.96585250;100.81200000;159.00000000
0.97043680;101.23700000;163.00000000
0.97577170;101.72000000;167.00000000
0.98076540;102.16000000;171.00000000
0.98566570;102.58200000;175.00000000
0.99064170;103.00500000;179.00000000
0.99588540;103.44000000;182.00000000
