0.00088375;0.00000000;202.00000000
0.00671962;0.42800000;206.00000000
0.01293491;0.87500000;209.00000000
0.01926205;1.32300000;213.00000000
0.02558674;1.76300000;216.00000000
0.03190058;2.19500000;219.00000000
0.03795788;2.60500000;222.00000000
0.04438792;3.05300000;203.00000000
0.05001402;3.49300000;178.00000000
0.05463752;3.90500000;158.00000000
0.05911197;4.35800000;140.00000000
0.06309206;4.80000000;128.00000000
0.06661369;5.21500000;126.00000000
0.07037614;5.66500000;126.00000000
0.07431460;6.11500000;132.00000000
0.07829358;6.55300000;138.00000000
0.08197555;6.98500000;117.00000000
0.08498081;7.39800000;101.00000000
0.08779761;7.83300000;91.00000000
0.09042290;8.26500000;87.00000000
0.09298038;8.69500000;87.00000000
0.09553365;9.11300000;92.00000000
0.09820166;9.52800000;100.00000000
0.10136940;9.97500000;111.00000000
0.10476850;10.41300000;122.00000000
0.10833950;10.83800000;129.00000000
0.11228830;11.28000000;136.00000000
0.11671680;11.75300000;139.00000000
0.12092070;12.19800000;142.00000000
0.12527570;12.65300000;146.00000000
0.12963670;13.09000000;152.00000000
0.13459660;13.56500000;159.00000000
0.13944120;14.01000000;163.00000000
0.14402530;14.42500000;168.00000000
0.14891080;14.85000000;173.00000000
0.15413830;15.29500000;179.00000000
0.15936800;15.72500000;183.00000000
0.16464820;16.15000000;188.00000000
0.17008850;16.57500000;192.00000000
0.17516370;16.99800000;168.00000000
0.17967170;17.43000000;143.00000000
0.18350310;17.86800000;119.00000000
0.18666000;18.29500000;101.00000000
0.18955160;18.74500000;89.00000000
0.19210590;19.18800000;80.00000000
0.19450800;19.62500000;77.00000000
0.19683720;20.06000000;77.00000000
0.19920300;20.49500000;79.00000000
0.20164090;20.93300000;85.00000000
0.20430910;21.37500000;94.00000000
0.20720170;21.81000000;99.00000000
0.21005960;22.23500000;99.00000000
0.21306360;22.68000000;101.00000000
0.21624320;23.13500000;105.00000000
0.21953750;23.58300000;113.00000000
0.22300310;24.02000000;123.00000000
0.22673950;24.46300000;130.00000000
0.23076260;24.90800000;137.00000000
0.23486210;25.34500000;143.00000000
0.23917450;25.79500000;141.00000000
0.24329160;26.22800000;144.00000000
0.24746080;26.65500000;149.00000000
0.25216040;27.11500000;156.00000000
0.25708170;27.57500000;163.00000000
0.26189430;28.01300000;166.00000000
0.26681640;28.44800000;171.00000000
0.27218380;28.90800000;177.00000000
0.27755150;29.35000000;183.00000000
0.28318410;29.80300000;189.00000000
0.28889700;30.25000000;194.00000000
0.29472010;30.69300000;199.00000000
0.30080430;31.14800000;202.00000000
0.30677680;31.58500000;206.00000000
0.31298030;32.03300000;209.00000000
0.31939610;32.48800000;213.00000000
0.32604380;32.94800000;217.00000000
0.33265350;33.40000000;220.00000000
0.33949020;33.86000000;224.00000000
0.34643940;34.32000000;227.00000000
0.35312500;34.75800000;230.00000000
0.35999770;35.20000000;233.00000000
0.36709250;35.65500000;225.00000000
0.37355930;36.11300000;198.00000000
0.37897350;36.55300000;171.00000000
0.38347690;36.97500000;148.00000000
0.38757070;37.42500000;124.00000000
0.39102500;37.86500000;107.00000000
0.39406650;38.31300000;95.00000000
0.39665940;38.72500000;90.00000000
0.39932560;39.16000000;90.00000000
0.40202640;39.59300000;93.00000000
0.40473220;40.01500000;97.00000000
0.40773390;40.45500000;105.00000000
0.41092530;40.89000000;112.00000000
0.41457450;41.35500000;120.00000000
0.41825240;41.80000000;127.00000000
0.42227050;42.26000000;135.00000000
0.42632430;42.69300000;143.00000000
0.43057380;43.12800000;150.00000000
0.43500920;43.55800000;157.00000000
0.44000990;44.02300000;163.00000000
0.44473600;44.44800000;168.00000000
0.44954450;44.87000000;174.00000000
0.45465170;45.30000000;179.00000000
0.45979850;45.72300000;184.00000000
0.46558370;46.18500000;190.00000000
0.47129420;46.63000000;194.00000000
0.47703300;47.06500000;199.00000000
0.48191970;47.50000000;200.00000000
0.48733480;47.93500000;189.00000000
0.49327010;48.38000000;163.00000000
0.49829670;48.84800000;137.00000000
0.50164040;49.28500000;120.00000000
0.50476200;49.73000000;105.00000000
0.50817920;50.17500000;93.00000000
0.51065710;50.61500000;87.00000000
0.51354720;51.09500000;86.00000000
0.51583650;51.52300000;86.00000000
0.51877030;51.93800000;89.00000000
0.52125020;52.37800000;93.00000000
0.52387670;52.81000000;95.00000000
0.52721720;53.25300000;102.00000000
0.53003160;53.70000000;111.00000000
0.53390370;54.14000000;122.00000000
0.53746530;54.61800000;129.00000000
0.54181400;55.07300000;138.00000000
0.54572370;55.52000000;146.00000000
0.55057790;55.97300000;155.00000000
0.55588100;56.44000000;163.00000000
0.56026580;56.88800000;167.00000000
0.56590430;57.33300000;174.00000000
0.57075140;57.82800000;179.00000000
0.57586090;58.22800000;184.00000000
0.58206150;58.69000000;190.00000000
0.58829350;59.14000000;196.00000000
0.59381490;59.57800000;200.00000000
0.59918570;60.02500000;202.00000000
0.60575840;60.50500000;207.00000000
0.61293270;60.96800000;211.00000000
0.61853060;61.41500000;214.00000000
0.62578000;61.87000000;218.00000000
0.63227870;62.28800000;221.00000000
0.63764880;62.73300000;224.00000000
0.64530980;63.17300000;227.00000000
0.65128200;63.60300000;230.00000000
0.65909520;64.07000000;233.00000000
0.66675850;64.53800000;235.00000000
0.67303010;64.99800000;236.00000000
0.67971460;65.42800000;238.00000000
0.68768510;65.85800000;240.00000000
0.69417880;66.28500000;240.00000000
0.70195010;66.74500000;241.00000000
0.70841150;67.20800000;241.00000000
0.71641450;67.66800000;240.00000000
0.72276050;68.11000000;242.00000000
0.73184890;68.59800000;243.00000000
0.73921040;69.05000000;244.00000000
0.74642450;69.49300000;240.00000000
0.75295800;69.91800000;218.00000000
0.75927120;70.37800000;193.00000000
0.76471950;70.82300000;173.00000000
0.76948650;71.25300000;160.00000000
0.77432910;71.70800000;155.00000000
0.77898750;72.15500000;155.00000000
0.78356660;72.59300000;158.00000000
0.78844140;73.05000000;160.00000000
0.79344460;73.50800000;166.00000000
0.79803570;73.93800000;148.00000000
0.80198560;74.37000000;125.00000000
0.80534530;74.80300000;105.00000000
0.80817930;75.23800000;91.00000000
0.81073230;75.67000000;82.00000000
0.81313260;76.10800000;76.00000000
0.81538860;76.55300000;72.00000000
0.81767090;76.99500000;73.00000000
0.81988790;77.42300000;76.00000000
0.82225260;77.87500000;80.00000000
0.82480900;78.32300000;88.00000000
0.82746120;78.75000000;98.00000000
0.83050630;79.18500000;109.00000000
0.83370640;79.60500000;119.00000000
0.83724320;80.03300000;127.00000000
0.84104210;80.46300000;135.00000000
0.84503350;80.89000000;143.00000000
0.84945560;81.34000000;151.00000000
0.85370080;81.75000000;157.00000000
0.85828260;82.19300000;149.00000000
0.86248520;82.61800000;144.00000000
0.86669300;83.05300000;144.00000000
0.87082020;83.47000000;150.00000000
0.87543280;83.91800000;157.00000000
0.88016500;84.36000000;162.00000000
0.88486520;84.78800000;166.00000000
0.88960490;85.20500000;172.00000000
0.89494660;85.66300000;178.00000000
0.90038790;86.11000000;183.00000000
0.90609550;86.56800000;187.00000000
0.91108980;86.99800000;162.00000000
0.91559560;87.44500000;138.00000000
0.91957870;87.90300000;123.00000000
0.92322140;88.35500000;115.00000000
0.92690120;88.82800000;116.00000000
0.93054220;89.27800000;121.00000000
0.93402880;89.69800000;127.00000000
0.93808320;90.15500000;135.00000000
0.94224740;90.60300000;143.00000000
0.94676280;91.06300000;150.00000000
0.95146300;91.51800000;158.00000000
0.95635100;91.96800000;163.00000000
0.96138880;92.42000000;169.00000000
0.96645310;92.86000000;175.00000000
0.97171370;93.30300000;180.00000000
0.97731140;93.76000000;186.00000000
0.98279800;94.19800000;191.00000000
0.98828360;94.62000000;195.00000000
0.99374560;95.03500000;199.00000000
