0.00202862;0.17500000;202.00000000
0.00785758;0.60200000;206.00000000
0.01372433;1.02500000;209.00000000
0.01956323;1.44000000;212.00000000
0.02570046;1.86700000;215.00000000
0.03219673;2.31500000;219.00000000
0.03855595;2.75000000;211.00000000
0.04450138;3.19500000;188.00000000
0.04990112;3.64700000;168.00000000
0.05471272;4.10000000;149.00000000
0.05892269;4.54500000;135.00000000
0.06287131;5.00200000;124.00000000
0.06668893;5.46200000;122.00000000
0.07037614;5.90700000;127.00000000
0.07405407;6.33200000;131.00000000
0.07773050;6.74500000;134.00000000
0.08159951;7.20700000;114.00000000
0.08453031;7.61700000;100.00000000
0.08738430;8.06000000;91.00000000
0.08989566;8.48000000;86.00000000
0.09234264;8.89700000;86.00000000
0.09493225;9.33000000;89.00000000
0.09771344;9.77000000;99.00000000
0.10066060;10.19500000;109.00000000
0.10412620;10.64500000;120.00000000
0.10781180;11.08700000;128.00000000
0.11180060;11.53500000;136.00000000
0.11570940;11.95700000;139.00000000
0.11994500;12.41000000;141.00000000
0.12393000;12.83200000;141.00000000
0.12816860;13.27200000;148.00000000
0.13271670;13.72000000;155.00000000
0.13707390;14.13500000;159.00000000
0.14195890;14.58200000;164.00000000
0.14699460;15.03200000;170.00000000
0.15218610;15.48200000;175.00000000
0.15742050;15.92200000;180.00000000
0.16274340;16.36000000;184.00000000
0.16832870;16.80700000;187.00000000
0.17354820;17.25000000;165.00000000
0.17816920;17.70000000;144.00000000
0.18200020;18.12500000;125.00000000
0.18534460;18.55200000;108.00000000
0.18842460;19.01000000;91.00000000
0.19116950;19.47700000;82.00000000
0.19357070;19.92200000;77.00000000
0.19586030;20.35000000;77.00000000
0.19830200;20.80700000;79.00000000
0.20070280;21.24000000;83.00000000
0.20336920;21.69500000;91.00000000
0.20618530;22.13500000;99.00000000
0.20915990;22.58000000;97.00000000
0.21223830;23.04700000;98.00000000
0.21531070;23.50200000;103.00000000
0.21834250;23.92500000;107.00000000
0.22171610;24.37700000;117.00000000
0.22556300;24.84500000;126.00000000
0.22955340;25.30200000;134.00000000
0.23384120;25.77000000;138.00000000
0.23795770;26.21700000;138.00000000
0.24204530;26.65700000;139.00000000
0.24626340;27.10700000;142.00000000
0.25061590;27.55500000;149.00000000
0.25535290;28.01700000;156.00000000
0.26001370;28.45200000;162.00000000
0.26474830;28.88200000;167.00000000
0.26974200;29.32200000;172.00000000
0.27488670;29.76200000;178.00000000
0.28025540;30.20700000;183.00000000
0.28566590;30.64200000;188.00000000
0.29118920;31.07200000;193.00000000
0.29675260;31.50000000;198.00000000
0.30230820;31.91500000;201.00000000
0.30827950;32.35500000;205.00000000
0.31440570;32.79500000;209.00000000
0.32070980;33.24200000;213.00000000
0.32743370;33.71000000;216.00000000
0.33400490;34.16000000;220.00000000
0.34057980;34.60500000;223.00000000
0.34707790;35.03500000;226.00000000
0.35380080;35.47500000;230.00000000
0.36074880;35.92500000;232.00000000
0.36713010;36.35700000;210.00000000
0.37273140;36.77700000;188.00000000
0.37777020;37.20200000;168.00000000
0.38224290;37.62200000;148.00000000
0.38644390;38.07700000;128.00000000
0.39005080;38.53000000;109.00000000
0.39304940;38.96500000;96.00000000
0.39583380;39.41000000;89.00000000
0.39842440;39.83500000;88.00000000
0.40112810;40.27700000;91.00000000
0.40405410;40.74000000;95.00000000
0.40705820;41.19000000;102.00000000
0.41021200;41.62700000;110.00000000
0.41356130;42.06700000;117.00000000
0.41708890;42.50500000;124.00000000
0.42125610;42.99200000;132.00000000
0.42527530;43.43200000;140.00000000
0.42922070;43.84500000;146.00000000
0.43361810;44.28000000;153.00000000
0.43820270;44.71700000;160.00000000
0.44293520;45.15200000;165.00000000
0.44808010;45.60700000;171.00000000
0.45311190;46.04200000;176.00000000
0.45870910;46.50700000;182.00000000
0.46449380;46.97500000;187.00000000
0.46986900;47.39700000;192.00000000
0.47624540;47.89000000;196.00000000
0.48214540;48.33500000;196.00000000
0.48771120;48.78500000;174.00000000
0.49241220;49.21200000;155.00000000
0.49750780;49.73500000;135.00000000
0.50081330;50.14500000;120.00000000
0.50389700;50.58500000;106.00000000
0.50735320;51.04500000;93.00000000
0.50986870;51.48500000;87.00000000
0.51260890;51.92500000;85.00000000
0.51497330;52.40200000;84.00000000
0.51787010;52.86700000;88.00000000
0.52031050;53.30500000;91.00000000
0.52353910;53.76200000;95.00000000
0.52609240;54.19200000;98.00000000
0.52958070;54.63700000;108.00000000
0.53259000;55.08000000;117.00000000
0.53578200;55.50700000;125.00000000
0.54019680;55.95500000;134.00000000
0.54475110;56.42500000;143.00000000
0.54888850;56.89000000;150.00000000
0.55396260;57.33500000;158.00000000
0.55824830;57.75500000;164.00000000
0.56274650;58.18700000;169.00000000
0.56849710;58.63500000;175.00000000
0.57326860;59.11200000;180.00000000
0.57950690;59.56000000;186.00000000
0.58558890;60.02200000;192.00000000
0.59077240;60.50200000;196.00000000
0.59745790;60.94700000;201.00000000
0.60286650;61.38700000;204.00000000
0.60831230;61.81500000;207.00000000
0.61533700;62.27500000;212.00000000
0.62243820;62.71700000;215.00000000
0.62829700;63.16700000;219.00000000
0.63438050;63.61500000;222.00000000
0.64193040;64.05700000;225.00000000
0.64775050;64.48200000;228.00000000
0.65552670;64.93000000;231.00000000
0.66187450;65.41500000;233.00000000
0.66934990;65.83700000;234.00000000
0.67584650;66.28500000;235.00000000
0.68215580;66.70700000;236.00000000
0.68986100;67.14000000;238.00000000
0.69624300;67.58000000;239.00000000
0.70420340;68.01700000;240.00000000
0.71074120;68.46200000;241.00000000
0.71716420;68.89000000;243.00000000
0.72535420;69.32200000;244.00000000
0.73263720;69.76700000;245.00000000
0.74014980;70.23200000;236.00000000
0.74664990;70.66000000;219.00000000
0.75261970;71.08500000;201.00000000
0.75803020;71.50500000;183.00000000
0.76310560;71.93700000;167.00000000
0.76768500;72.36200000;155.00000000
0.77211360;72.79700000;150.00000000
0.77658380;73.24000000;150.00000000
0.78082730;73.65700000;154.00000000
0.78544210;74.10000000;156.00000000
0.78994570;74.52700000;160.00000000
0.79457020;74.95700000;156.00000000
0.79863490;75.37500000;136.00000000
0.80239520;75.81700000;116.00000000
0.80560400;76.26000000;100.00000000
0.80832950;76.69000000;88.00000000
0.81073230;77.11000000;81.00000000
0.81313260;77.55200000;75.00000000
0.81542610;78.00700000;72.00000000
0.81770840;78.46500000;72.00000000
0.81992550;78.90200000;75.00000000
0.82229010;79.34500000;81.00000000
0.82492070;79.80000000;90.00000000
0.82776250;80.24500000;100.00000000
0.83118550;80.72000000;112.00000000
0.83472370;81.17500000;122.00000000
0.83844730;81.61500000;130.00000000
0.84251240;82.06500000;139.00000000
0.84675710;82.50700000;146.00000000
0.85129340;82.96000000;153.00000000
0.85587510;83.40700000;148.00000000
0.86034620;83.87200000;140.00000000
0.86447930;84.31000000;140.00000000
0.86875550;84.76000000;144.00000000
0.87318650;85.21000000;151.00000000
0.87802540;85.67700000;157.00000000
0.88245680;86.09200000;162.00000000
0.88731110;86.53000000;168.00000000
0.89204690;86.94500000;173.00000000
0.89708930;87.37500000;178.00000000
0.90260410;87.82700000;184.00000000
0.90827790;88.30500000;166.00000000
0.91289550;88.75000000;145.00000000
0.91691090;89.18700000;128.00000000
0.92036750;89.61200000;117.00000000
0.92374700;90.05200000;112.00000000
0.92723940;90.51000000;115.00000000
0.93076710;90.95200000;121.00000000
0.93451750;91.40700000;126.00000000
0.93849490;91.86000000;134.00000000
0.94247460;92.29200000;141.00000000
0.94694960;92.75200000;148.00000000
0.95127520;93.17700000;155.00000000
0.95605040;93.62700000;161.00000000
0.96105100;94.08200000;167.00000000
0.96611510;94.52500000;173.00000000
0.97145090;94.98000000;178.00000000
0.97689860;95.43000000;183.00000000
0.98245960;95.87700000;188.00000000
0.98802210;96.31200000;193.00000000
0.99374560;96.75200000;197.00000000
