0.00060678;0.10500000;202.00000000
0.00484731;0.53700000;204.00000000
0.00910837;0.96700000;206.00000000
0.01347803;1.40500000;207.00000000
0.01776763;1.83000000;209.00000000
0.02211373;2.25700000;211.00000000
0.02662000;2.69700000;213.00000000
0.03126539;3.14500000;215.00000000
0.03604287;3.60500000;216.00000000
0.04076974;4.05200000;218.00000000
0.04527379;4.48000000;220.00000000
0.04980500;4.90500000;221.00000000
0.05469391;5.36000000;223.00000000
0.05936327;5.79200000;224.00000000
0.06406052;6.22500000;225.00000000
0.06883841;6.66200000;227.00000000
0.07375267;7.10700000;228.00000000
0.07847620;7.53500000;229.00000000
0.08328252;7.96700000;230.00000000
0.08835935;8.42200000;232.00000000
0.09321915;8.85500000;233.00000000
0.09835050;9.30700000;234.00000000
0.10342740;9.75500000;235.00000000
0.10845010;10.19700000;236.00000000
0.11363580;10.65000000;237.00000000
0.11852270;11.07500000;238.00000000
0.12381700;11.53500000;239.00000000
0.12894840;11.98200000;230.00000000
0.13364540;12.42000000;213.00000000
0.13790790;12.85200000;195.00000000
0.14197960;13.30700000;176.00000000
0.14545620;13.73500000;159.00000000
0.14898680;14.22200000;140.00000000
0.15183670;14.67500000;122.00000000
0.15417350;15.10000000;105.00000000
0.15623480;15.53200000;90.00000000
0.15794270;15.95200000;78.00000000
0.15949170;16.39200000;67.00000000
0.16087840;16.83000000;59.00000000
0.16215220;17.26200000;56.00000000
0.16337320;17.70200000;57.00000000
0.16473160;18.16500000;64.00000000
0.16608850;18.59200000;60.00000000
0.16747160;19.05700000;59.00000000
0.16882940;19.52700000;59.00000000
0.17018680;19.96700000;65.00000000
0.17165460;20.40200000;73.00000000
0.17333700;20.85500000;80.00000000
0.17519740;21.30500000;88.00000000
0.17705480;21.73200000;93.00000000
0.17914810;22.18200000;99.00000000
0.18140070;22.63200000;105.00000000
0.18362650;23.06000000;111.00000000
0.18617900;23.52000000;117.00000000
0.18886680;23.98200000;122.00000000
0.19147290;24.41200000;127.00000000
0.19405200;24.82700000;131.00000000
0.19706570;25.29000000;136.00000000
0.19999790;25.72700000;140.00000000
0.20320160;26.19500000;144.00000000
0.20659540;26.67500000;148.00000000
0.20974470;27.11000000;151.00000000
0.21302990;27.55000000;155.00000000
0.21639690;27.99500000;159.00000000
0.21998030;28.45500000;162.00000000
0.22331920;28.87700000;165.00000000
0.22682190;29.31000000;168.00000000
0.23056990;29.76700000;172.00000000
0.23439710;30.22200000;174.00000000
0.23808870;30.65700000;177.00000000
0.24178150;31.08700000;179.00000000
0.24560980;31.52500000;182.00000000
0.24962800;31.98000000;184.00000000
0.25348310;32.41000000;186.00000000
0.25758290;32.86200000;188.00000000
0.26162820;33.30700000;190.00000000
0.26564630;33.74200000;191.00000000
0.26974600;34.18500000;193.00000000
0.27379130;34.61700000;195.00000000
0.27794520;35.05500000;197.00000000
0.28226190;35.50700000;199.00000000
0.28674190;35.97000000;201.00000000
0.29119440;36.42700000;203.00000000
0.29545700;36.86200000;204.00000000
0.29974670;37.29500000;206.00000000
0.30403630;37.72500000;208.00000000
0.30859730;38.17700000;209.00000000
0.31299570;38.61000000;211.00000000
0.31771980;39.07000000;213.00000000
0.32225370;39.50700000;215.00000000
0.32676070;39.94000000;216.00000000
0.33126790;40.37000000;218.00000000
0.33615440;40.83000000;219.00000000
0.34060710;41.25000000;221.00000000
0.34500560;41.67000000;209.00000000
0.34951250;42.13700000;189.00000000
0.35333950;42.57500000;171.00000000
0.35676380;43.01000000;154.00000000
0.35980700;43.44000000;137.00000000
0.36248860;43.87200000;120.00000000
0.36477080;44.29500000;104.00000000
0.36680530;44.72200000;92.00000000
0.36868020;45.16200000;82.00000000
0.37033700;45.58200000;79.00000000
0.37201950;46.02500000;77.00000000
0.37375680;46.48000000;80.00000000
0.37554890;46.92500000;85.00000000
0.37736820;47.35000000;86.00000000
0.37924130;47.79700000;88.00000000
0.38114150;48.23000000;92.00000000
0.38312220;48.66000000;98.00000000
0.38537490;49.11700000;104.00000000
0.38760330;49.54200000;110.00000000
0.39021060;50.02000000;116.00000000
0.39284120;50.47500000;122.00000000
0.39558450;50.93000000;127.00000000
0.39848980;51.39000000;132.00000000
0.40126140;51.81700000;137.00000000
0.40424630;52.26000000;141.00000000
0.40734140;52.71000000;144.00000000
0.41049080;53.15500000;148.00000000
0.41369440;53.59500000;152.00000000
0.41711370;54.05000000;156.00000000
0.42048250;54.49000000;160.00000000
0.42401580;54.94200000;162.00000000
0.42737390;55.39000000;147.00000000
0.43025740;55.81200000;136.00000000
0.43302340;56.24700000;126.00000000
0.43571390;56.69700000;119.00000000
0.43823720;57.14000000;116.00000000
0.44086960;57.60700000;116.00000000
0.44342270;58.06000000;116.00000000
0.44597530;58.51200000;118.00000000
0.44869000;58.98500000;121.00000000
0.45118840;59.42200000;125.00000000
0.45371010;59.87000000;128.00000000
0.45691750;60.31700000;133.00000000
0.45939340;60.73700000;135.00000000
0.46199570;61.17700000;138.00000000
0.46543980;61.60200000;143.00000000
0.46823850;62.06500000;146.00000000
0.47179610;62.52000000;151.00000000
0.47483570;62.97700000;155.00000000
0.47850100;63.43200000;159.00000000
0.48165040;63.86700000;162.00000000
0.48556010;64.30000000;151.00000000
0.48841060;64.74000000;136.00000000
0.49085430;65.16000000;124.00000000
0.49316280;65.58500000;115.00000000
0.49596220;66.01700000;111.00000000
0.49815670;66.44500000;112.00000000
0.50029920;66.87500000;114.00000000
0.50318180;67.31700000;119.00000000
0.50551500;67.74700000;123.00000000
0.50850150;68.19500000;126.00000000
0.51097230;68.62200000;131.00000000
0.51355220;69.05500000;134.00000000
0.51688710;69.50000000;139.00000000
0.51960550;69.93500000;142.00000000
0.52240040;70.35000000;145.00000000
0.52593080;70.79500000;150.00000000
0.52886530;71.23200000;153.00000000
0.53190490;71.68200000;156.00000000
0.53567870;72.12200000;160.00000000
0.53890970;72.56200000;164.00000000
0.54290050;73.00000000;167.00000000
0.54618560;73.43200000;170.00000000
0.54941640;73.86700000;173.00000000
0.55367900;74.31200000;177.00000000
0.55715440;74.73000000;179.00000000
0.56062950;75.15500000;182.00000000
0.56424040;75.58700000;184.00000000
0.56866590;76.01500000;187.00000000
0.57230380;76.45000000;189.00000000
0.57681070;76.89000000;191.00000000
0.58061170;77.31500000;193.00000000
0.58441280;77.73700000;196.00000000
0.58810510;78.16700000;198.00000000
0.59296490;78.59500000;201.00000000
0.59684730;79.03500000;203.00000000
0.60078420;79.46500000;205.00000000
0.60591540;79.90500000;208.00000000
0.60985220;80.34200000;210.00000000
0.61389730;80.76700000;212.00000000
0.61905590;81.19200000;214.00000000
0.62321050;81.64200000;215.00000000
0.62844990;82.09200000;217.00000000
0.63273950;82.53200000;219.00000000
0.63700150;82.95200000;220.00000000
0.64237770;83.40500000;222.00000000
0.64661310;83.84200000;223.00000000
0.65084850;84.26700000;224.00000000
0.65638700;84.70000000;225.00000000
0.66056640;85.13200000;208.00000000
0.66437050;85.57500000;193.00000000
0.66876880;86.01000000;172.00000000
0.67199830;86.45000000;157.00000000
0.67487650;86.88700000;141.00000000
0.67805240;87.32500000;126.00000000
0.68052330;87.76500000;120.00000000
0.68280450;88.18700000;117.00000000
0.68565450;88.60200000;116.00000000
0.68796210;89.04200000;119.00000000
0.69081260;89.49500000;123.00000000
0.69325660;89.93200000;126.00000000
0.69572710;90.37200000;130.00000000
0.69876800;90.80500000;127.00000000
0.70126570;91.22700000;128.00000000
0.70379050;91.67500000;131.00000000
0.70699390;92.10700000;135.00000000
0.70970950;92.55000000;139.00000000
0.71245180;92.96000000;143.00000000
0.71522060;93.38700000;146.00000000
0.71880400;93.82200000;146.00000000
0.72160050;94.26000000;147.00000000
0.72515680;94.69500000;150.00000000
0.72817100;95.11500000;153.00000000
0.73112850;95.55200000;155.00000000
0.73408730;95.98200000;157.00000000
0.73794540;96.39500000;160.00000000
0.74109420;96.83000000;163.00000000
0.74432560;97.26000000;166.00000000
0.74828980;97.68700000;170.00000000
0.75195410;98.13000000;173.00000000
0.75556500;98.55500000;176.00000000
0.75944790;99.00500000;179.00000000
0.76308580;99.42200000;182.00000000
0.76702260;99.86500000;185.00000000
0.77085080;100.29200000;187.00000000
0.77481460;100.72500000;190.00000000
0.77888710;101.16700000;191.00000000
0.78287800;101.59500000;194.00000000
0.78684200;102.01700000;196.00000000
0.79105010;102.45700000;198.00000000
0.79525850;102.89500000;200.00000000
0.79949390;103.33000000;202.00000000
0.80378340;103.76500000;205.00000000
0.80810030;104.19700000;207.00000000
0.81263430;104.65000000;209.00000000
0.81695130;105.07500000;211.00000000
0.82153960;105.52200000;213.00000000
0.82599220;105.95500000;215.00000000
0.83044470;106.38000000;217.00000000
0.83503310;106.81500000;219.00000000
0.83964850;107.25000000;220.00000000
0.84423690;107.68000000;222.00000000
0.84906950;108.12700000;224.00000000
0.85379360;108.56200000;226.00000000
0.85862640;109.00200000;227.00000000
0.86351210;109.44500000;227.00000000
0.86810470;109.88200000;209.00000000
0.87206610;110.29000000;193.00000000
0.87589000;110.72000000;175.00000000
0.87939970;111.15000000;160.00000000
0.88262370;111.59000000;145.00000000
0.88550580;112.01500000;133.00000000
0.88824390;112.45500000;125.00000000
0.89079790;112.88200000;121.00000000
0.89327170;113.30700000;120.00000000
0.89584840;113.75000000;120.00000000
0.89842800;114.19500000;121.00000000
0.90106260;114.63500000;123.00000000
0.90366760;115.07200000;124.00000000
0.90643760;115.52700000;127.00000000
0.90923320;115.98000000;130.00000000
0.91203000;116.41500000;133.00000000
0.91509820;116.88200000;137.00000000
0.91819280;117.34200000;141.00000000
0.92147870;117.81500000;145.00000000
0.92441030;118.22700000;148.00000000
0.92761420;118.67000000;151.00000000
0.93103490;119.13000000;155.00000000
0.93418440;119.54700000;157.00000000
0.93765930;120.00000000;161.00000000
0.94124340;120.45500000;164.00000000
0.94480010;120.89700000;167.00000000
0.94835660;121.33500000;170.00000000
0.95207630;121.78500000;173.00000000
0.95576860;122.22200000;176.00000000
0.95951480;122.65700000;179.00000000
0.96331650;123.09500000;181.00000000
0.96706430;123.51700000;184.00000000
0.97102460;123.96000000;186.00000000
0.97488180;124.38700000;188.00000000
0.97887690;124.82200000;191.00000000
0.98285640;125.25200000;192.00000000
0.98690890;125.68500000;194.00000000
0.99091320;126.11000000;196.00000000
0.99516190;126.55500000;198.00000000
0.99925120;126.98000000;200.00000000
