0.00079555;0.11000000;235.00000000
0.00582735;0.55000000;238.00000000
0.01092422;0.99200000;240.00000000
0.01605749;1.43200000;242.00000000
0.02119058;1.87000000;244.00000000
0.02626671;2.30000000;245.00000000
0.03156372;2.74500000;247.00000000
0.03688511;3.18700000;249.00000000
0.04210215;3.62000000;251.00000000
0.04749660;4.06200000;252.00000000
0.05290136;4.50500000;254.00000000
0.05816855;4.93200000;256.00000000
0.06359911;5.37000000;257.00000000
0.06886555;5.79200000;258.00000000
0.07435006;6.23000000;260.00000000
0.07988811;6.67000000;261.00000000
0.08556286;7.11700000;263.00000000
0.09099284;7.54500000;264.00000000
0.09674870;7.99500000;265.00000000
0.10220570;8.42000000;266.00000000
0.10787990;8.86000000;267.00000000
0.11360870;9.30200000;268.00000000
0.11906570;9.72200000;269.00000000
0.12476730;10.15700000;270.00000000
0.13027880;10.59500000;250.00000000
0.13546450;11.04500000;226.00000000
0.13991690;11.47500000;204.00000000
0.14401630;11.91000000;183.00000000
0.14768340;12.35000000;163.00000000
0.15088690;12.78000000;143.00000000
0.15373830;13.22200000;124.00000000
0.15615350;13.65500000;106.00000000
0.15818680;14.08200000;90.00000000
0.15998100;14.52500000;75.00000000
0.16144830;14.95200000;65.00000000
0.16280290;15.39000000;62.00000000
0.16410680;15.81500000;69.00000000
0.16562740;16.24500000;70.00000000
0.16706440;16.68000000;63.00000000
0.16828630;17.10700000;58.00000000
0.16948080;17.54700000;61.00000000
0.17092050;17.98200000;75.00000000
0.17265860;18.42200000;87.00000000
0.17457280;18.85000000;96.00000000
0.17667240;19.28000000;107.00000000
0.17893040;19.69700000;116.00000000
0.18158910;20.15000000;126.00000000
0.18438670;20.59200000;134.00000000
0.18723780;21.02000000;141.00000000
0.19033280;21.46000000;149.00000000
0.19348190;21.89000000;155.00000000
0.19676700;22.32000000;161.00000000
0.20032370;22.76700000;167.00000000
0.20393460;23.21000000;172.00000000
0.20781710;23.66700000;178.00000000
0.21159090;24.10000000;183.00000000
0.21544630;24.53000000;188.00000000
0.21943730;24.96200000;193.00000000
0.22342770;25.38500000;197.00000000
0.22774520;25.83500000;201.00000000
0.23189930;26.26000000;204.00000000
0.23632430;26.70500000;207.00000000
0.24085830;27.15200000;211.00000000
0.24544700;27.60000000;214.00000000
0.25006240;28.04200000;217.00000000
0.25456920;28.47000000;219.00000000
0.25934770;28.91700000;222.00000000
0.26382720;29.33500000;224.00000000
0.26868700;29.78000000;227.00000000
0.27343840;30.21000000;230.00000000
0.27846100;30.66000000;232.00000000
0.28345650;31.10200000;234.00000000
0.28839790;31.53500000;236.00000000
0.29352950;31.98200000;238.00000000
0.29852490;32.41500000;240.00000000
0.30354770;32.84500000;242.00000000
0.30854300;33.27000000;243.00000000
0.31356590;33.69500000;245.00000000
0.31864290;34.12200000;247.00000000
0.32361100;34.53700000;249.00000000
0.32887860;34.97200000;250.00000000
0.33406410;35.40000000;252.00000000
0.33949390;35.84500000;253.00000000
0.34484280;36.30000000;231.00000000
0.34940390;36.73000000;209.00000000
0.35355710;37.16000000;188.00000000
0.35727960;37.59200000;169.00000000
0.36059280;38.02500000;149.00000000
0.36352170;38.45700000;130.00000000
0.36610050;38.89700000;113.00000000
0.36843550;39.35000000;98.00000000
0.37044550;39.79700000;87.00000000
0.37223680;40.23500000;82.00000000
0.37400070;40.67000000;88.00000000
0.37601090;41.11000000;98.00000000
0.37804700;41.53700000;97.00000000
0.38013680;41.99000000;98.00000000
0.38230730;42.42500000;108.00000000
0.38480460;42.87700000;118.00000000
0.38741310;43.31700000;127.00000000
0.39023770;43.76000000;135.00000000
0.39316710;44.19500000;143.00000000
0.39642480;44.65000000;151.00000000
0.39968510;45.08700000;158.00000000
0.40288880;45.49700000;164.00000000
0.40649970;45.94500000;170.00000000
0.41024650;46.39200000;175.00000000
0.41393880;46.82200000;181.00000000
0.41787450;47.26500000;186.00000000
0.42165270;47.67700000;190.00000000
0.42539890;48.10500000;171.00000000
0.42878850;48.53500000;155.00000000
0.43188100;48.96500000;142.00000000
0.43498100;49.42700000;132.00000000
0.43734170;49.86700000;129.00000000
0.44038170;50.30500000;128.00000000
0.44282520;50.76000000;130.00000000
0.44602950;51.20200000;133.00000000
0.44866280;51.64700000;139.00000000
0.45208450;52.09500000;147.00000000
0.45504140;52.53700000;153.00000000
0.45800360;52.97500000;157.00000000
0.46196860;53.40700000;162.00000000
0.46503120;53.85700000;167.00000000
0.46921630;54.29000000;173.00000000
0.47261010;54.71700000;178.00000000
0.47602960;55.17500000;183.00000000
0.48053730;55.61200000;189.00000000
0.48412110;56.06200000;175.00000000
0.48811160;56.52000000;152.00000000
0.49082720;56.94200000;136.00000000
0.49346170;57.37700000;126.00000000
0.49642160;57.81500000;124.00000000
0.49886260;58.26000000;125.00000000
0.50136080;58.67000000;131.00000000
0.50467360;59.12000000;140.00000000
0.50741550;59.55500000;145.00000000
0.51102660;59.98200000;154.00000000
0.51412310;60.42200000;159.00000000
0.51721350;60.86500000;164.00000000
0.52117990;61.31200000;171.00000000
0.52468110;61.74700000;176.00000000
0.52894690;62.18700000;182.00000000
0.53255650;62.62200000;187.00000000
0.53616740;63.06500000;191.00000000
0.54083700;63.51200000;196.00000000
0.54480090;63.94700000;200.00000000
0.54952500;64.39500000;204.00000000
0.55362470;64.82200000;208.00000000
0.55767040;65.22200000;211.00000000
0.56176980;65.66200000;214.00000000
0.56695540;66.10000000;218.00000000
0.57110910;66.56000000;221.00000000
0.57659350;67.00200000;224.00000000
0.58096470;67.45200000;227.00000000
0.58653040;67.90700000;231.00000000
0.59092860;68.33700000;234.00000000
0.59546260;68.77500000;237.00000000
0.60124580;69.21200000;239.00000000
0.60591540;69.64500000;242.00000000
0.61072110;70.07500000;244.00000000
0.61663920;70.52500000;246.00000000
0.62136410;70.97200000;248.00000000
0.62747260;71.41200000;250.00000000
0.63222370;71.85200000;251.00000000
0.63822320;72.31200000;253.00000000
0.64308380;72.75700000;254.00000000
0.64930090;73.19700000;255.00000000
0.65435080;73.62500000;257.00000000
0.65912740;74.06500000;240.00000000
0.66461520;74.50200000;214.00000000
0.66860590;74.95200000;195.00000000
0.67218830;75.35700000;176.00000000
0.67615310;75.78700000;154.00000000
0.67902970;76.22200000;140.00000000
0.68160970;76.66000000;130.00000000
0.68470440;77.08500000;127.00000000
0.68722920;77.50500000;132.00000000
0.68986230;77.94500000;138.00000000
0.69325660;78.38200000;147.00000000
0.69610710;78.81500000;143.00000000
0.69887660;79.26700000;140.00000000
0.70229740;79.70500000;145.00000000
0.70506660;80.14500000;149.00000000
0.70884040;80.58700000;157.00000000
0.71190880;81.03500000;162.00000000
0.71505770;81.47500000;166.00000000
0.71915700;81.92200000;167.00000000
0.72238790;82.35700000;169.00000000
0.72643290;82.77700000;174.00000000
0.72996180;83.20700000;177.00000000
0.73335530;83.63500000;181.00000000
0.73694040;84.05700000;185.00000000
0.74142010;84.51500000;191.00000000
0.74562900;84.93200000;196.00000000
0.74970130;85.36000000;200.00000000
0.75377330;85.77700000;204.00000000
0.75800880;86.20200000;207.00000000
0.76232560;86.63000000;211.00000000
0.76672400;87.05500000;215.00000000
0.77133940;87.49700000;219.00000000
0.77584630;87.92000000;222.00000000
0.78032600;88.33200000;225.00000000
0.78499590;88.76000000;228.00000000
0.79004550;89.21200000;232.00000000
0.79495990;89.65000000;235.00000000
0.79984680;90.07700000;237.00000000
0.80484230;90.51000000;240.00000000
0.80972910;90.93000000;242.00000000
0.81475190;91.35700000;244.00000000
0.81980210;91.78200000;246.00000000
0.82496040;92.21200000;249.00000000
0.82987460;92.62000000;251.00000000
0.83514170;93.05200000;253.00000000
0.84032710;93.47700000;254.00000000
0.84564870;93.90700000;256.00000000
0.85091570;94.33000000;258.00000000
0.85642720;94.77000000;260.00000000
0.86207380;95.22000000;256.00000000
0.86715350;95.64700000;234.00000000
0.87184940;96.08200000;212.00000000
0.87599910;96.50700000;192.00000000
0.87986340;96.94500000;173.00000000
0.88332970;97.38000000;156.00000000
0.88645820;97.81700000;142.00000000
0.88933010;98.24200000;136.00000000
0.89218390;98.68200000;135.00000000
0.89497890;99.11500000;134.00000000
0.89769470;99.53500000;134.00000000
0.90100850;100.03500000;138.00000000
0.90404770;100.48500000;141.00000000
0.90708920;100.92500000;145.00000000
0.91040070;101.39000000;150.00000000
0.91390370;101.86200000;156.00000000
0.91754110;102.33500000;162.00000000
0.92098990;102.76700000;167.00000000
0.92460040;103.21000000;172.00000000
0.92826580;103.64200000;176.00000000
0.93193100;104.06700000;181.00000000
0.93578620;104.50200000;185.00000000
0.93977710;104.94200000;190.00000000
0.94384970;105.37700000;195.00000000
0.94816650;105.83200000;198.00000000
0.95253770;106.28200000;202.00000000
0.95690880;106.72500000;206.00000000
0.96133430;107.16500000;210.00000000
0.96573310;107.59200000;214.00000000
0.97029230;108.03000000;217.00000000
0.97507170;108.48200000;221.00000000
0.97955700;108.90000000;224.00000000
0.98432110;109.33500000;227.00000000
0.98887200;109.74700000;230.00000000
0.99366500;110.17700000;233.00000000
0.99865080;110.61700000;236.00000000
