0.00000000;0.05200000
0.00500000;0.48537053
0.01000000;0.93840303
0.01500000;1.38033286
0.02000000;1.81627018
0.02500000;2.24444559
0.03000000;2.66692027
0.03500000;3.08510958
0.04000000;3.49489492
0.04500000;3.90000173
0.05000000;4.30053821
0.05500000;4.69790734
0.06000000;5.09091489
0.06500000;5.47835418
0.07000000;5.86116037
0.07500000;6.24325390
0.08000000;6.62153268
0.08500000;6.99566682
0.09000000;7.36730772
0.09500000;7.74986289
0.10000000;8.17218010
0.10500000;8.65234947
0.11000000;9.22086821
0.11500000;9.92886133
0.12000000;10.90848589
0.12500000;12.19323916
0.13000000;13.33601441
0.13500000;14.29291625
0.14000000;15.10036986
0.14500000;15.81881668
0.15000000;16.50227240
0.15500000;17.28465381
0.16000000;18.08626493
0.16500000;18.88065940
0.17000000;19.66488094
0.17500000;20.39727408
0.18000000;21.06263261
0.18500000;21.67957214
0.19000000;22.25647707
0.19500000;22.83713935
0.20000000;23.53959414
0.20500000;24.41031110
0.21000000;25.45093430
0.21500000;26.53620918
0.22000000;27.58058020
0.22500000;28.45244911
0.23000000;29.33737832
0.23500000;30.24008813
0.24000000;31.08809462
0.24500000;31.83236851
0.25000000;32.50305299
0.25500000;33.12463567
0.26000000;33.70959043
0.26500000;34.26289262
0.27000000;34.79213420
0.27500000;35.30336552
0.28000000;35.79658555
0.28500000;36.27786701
0.29000000;36.74482782
0.29500000;37.20044422
0.30000000;37.64747369
0.30500000;38.08529712
0.31000000;38.53030139
0.31500000;39.03933856
0.32000000;39.62751861
0.32500000;40.27386581
0.33000000;40.91903424
0.33500000;41.54462327
0.34000000;42.13399594
0.34500000;42.70575944
0.35000000;43.39669189
0.35500000;44.29202912
0.36000000;45.28836609
0.36500000;46.20996561
0.37000000;47.02839402
0.37500000;47.73442272
0.38000000;48.37489157
0.38500000;48.97140106
0.39000000;49.53013235
0.39500000;50.06091200
0.40000000;50.57317175
0.40500000;51.06586105
0.41000000;51.54364775
0.41500000;52.00661667
0.42000000;52.45867359
0.42500000;52.89979305
0.43000000;53.33184757
0.43500000;53.75763325
0.44000000;54.17535285
0.44500000;54.58587226
0.45000000;55.00027137
0.45500000;55.46498787
0.46000000;56.00644551
0.46500000;56.66468124
0.47000000;57.48346515
0.47500000;58.42704533
0.48000000;59.38366217
0.48500000;60.32314695
0.49000000;61.19841887
0.49500000;61.97381007
0.50000000;62.66658466
0.50500000;63.30427999
0.51000000;63.90372388
0.51500000;64.47190843
0.52000000;65.01562267
0.52500000;65.53993361
0.53000000;66.05045997
0.53500000;66.54955126
0.54000000;67.03667722
0.54500000;67.51146875
0.55000000;68.00511711
0.55500000;68.53739252
0.56000000;69.08729925
0.56500000;69.63337190
0.57000000;70.16369040
0.57500000;70.67862507
0.58000000;71.18085110
0.58500000;71.67124099
0.59000000;72.15229677
0.59500000;72.62399586
0.60000000;73.08564054
0.60500000;73.54155101
0.61000000;73.98639027
0.61500000;74.42692183
0.62000000;74.85956317
0.62500000;75.28788723
0.63000000;75.70904179
0.63500000;76.12641125
0.64000000;76.53907243
0.64500000;76.96084898
0.65000000;77.43699762
0.65500000;78.00057698
0.66000000;78.66369631
0.66500000;79.41486396
0.67000000;80.17329499
0.67500000;80.90897642
0.68000000;81.57574152
0.68500000;82.19524495
0.69000000;82.77539356
0.69500000;83.40565702
0.70000000;84.12408588
0.70500000;84.84210335
0.71000000;85.53423109
0.71500000;86.20122884
0.72000000;86.82699753
0.72500000;87.41303821
0.73000000;87.96257178
0.73500000;88.48712402
0.74000000;88.99303236
0.74500000;89.48006332
0.75000000;89.95278980
0.75500000;90.41555594
0.76000000;90.86291107
0.76500000;91.30316638
0.77000000;91.73575262
0.77500000;92.16083768
0.78000000;92.58146338
0.78500000;92.99665329
0.79000000;93.40892196
0.79500000;93.81460747
0.80000000;94.21728482
0.80500000;94.61928142
0.81000000;95.01525633
0.81500000;95.40998412
0.82000000;95.80008576
0.82500000;96.18822733
0.83000000;96.57342413
0.83500000;96.95561410
0.84000000;97.33633223
0.84500000;97.71384496
0.85000000;98.09229054
0.85500000;98.46628652
0.86000000;98.83979833
0.86500000;99.21686613
0.87000000;99.62418758
0.87500000;100.08885217
0.88000000;100.62747114
0.88500000;101.25257199
0.89000000;101.90683531
0.89500000;102.53977875
0.90000000;103.14528883
0.90500000;103.73807180
0.91000000;104.31249402
0.91500000;104.86316812
0.92000000;105.39073704
0.92500000;105.91486060
0.93000000;106.53523125
0.93500000;107.29292937
0.94000000;108.15283586
0.94500000;109.03777485
0.95000000;109.90255158
0.95500000;110.70317690
0.96000000;111.41603734
0.96500000;112.06789348
0.97000000;112.67375000
0.97500000;113.24490487
0.98000000;113.78784578
0.98500000;114.30748994
0.99000000;114.81263548
0.99500000;115.30410419
1.00000000;115.74700000
