0.00034805;0.00000000;197.00000000
0.00534674;0.46000000;202.00000000
0.01032393;0.90500000;206.00000000
0.01526622;1.33700000;210.00000000
0.02037863;1.77700000;214.00000000
0.02534348;2.19700000;217.00000000
0.03055621;2.63000000;221.00000000
0.03583159;3.06000000;224.00000000
0.04113770;3.48700000;227.00000000
0.04638211;3.90500000;230.00000000
0.05202754;4.35000000;232.00000000
0.05748797;4.77500000;234.00000000
0.06316429;5.21500000;237.00000000
0.06877903;5.64500000;239.00000000
0.07451842;6.08000000;241.00000000
0.08028468;6.51200000;243.00000000
0.08593082;6.93500000;245.00000000
0.09164838;7.36000000;239.00000000
0.09700127;7.79000000;215.00000000
0.10190980;8.23000000;191.00000000
0.10595270;8.63700000;171.00000000
0.10974720;9.06700000;149.00000000
0.11304930;9.50000000;129.00000000
0.11585640;9.92200000;112.00000000
0.11829700;10.35700000;93.00000000
0.12035800;10.78200000;79.00000000
0.12217780;11.22000000;68.00000000
0.12371900;11.64000000;63.00000000
0.12529390;12.05500000;72.00000000
0.12705290;12.49500000;73.00000000
0.12887400;12.92500000;81.00000000
0.13087770;13.34500000;89.00000000
0.13306800;13.77700000;94.00000000
0.13550670;14.21500000;106.00000000
0.13818980;14.65000000;117.00000000
0.14112250;15.08500000;127.00000000
0.14423640;15.52000000;134.00000000
0.14760080;15.97000000;132.00000000
0.15071400;16.42700000;116.00000000
0.15333750;16.85200000;109.00000000
0.15586640;17.27200000;108.00000000
0.15845850;17.70200000;109.00000000
0.16095620;18.11700000;110.00000000
0.16360980;18.55200000;112.00000000
0.16620020;18.97200000;113.00000000
0.16891550;19.40500000;115.00000000
0.17165990;19.83700000;115.00000000
0.17440690;20.26500000;122.00000000
0.17749210;20.71000000;131.00000000
0.18070040;21.14000000;140.00000000
0.18427930;21.58700000;149.00000000
0.18770250;21.99500000;156.00000000
0.19168250;22.44700000;157.00000000
0.19523090;22.88700000;138.00000000
0.19822360;23.30500000;122.00000000
0.20090670;23.72500000;109.00000000
0.20346720;24.17500000;97.00000000
0.20575070;24.62500000;87.00000000
0.20787890;25.07500000;81.00000000
0.20979090;25.50200000;80.00000000
0.21179610;25.94500000;80.00000000
0.21380230;26.39500000;80.00000000
0.21571340;26.81500000;80.00000000
0.21765240;27.23200000;84.00000000
0.21968940;27.66000000;89.00000000
0.22203630;28.11000000;99.00000000
0.22441510;28.52200000;110.00000000
0.22703640;28.96700000;100.00000000
0.22928870;29.39000000;95.00000000
0.23166280;29.83700000;95.00000000
0.23391400;30.25700000;98.00000000
0.23626050;30.69000000;100.00000000
0.23875930;31.12700000;109.00000000
0.24141160;31.54500000;119.00000000
0.24437240;31.98000000;128.00000000
0.24748880;32.41000000;137.00000000
0.25075870;32.83000000;145.00000000
0.25421330;33.25200000;153.00000000
0.25797740;33.68700000;159.00000000
0.26177210;34.11500000;166.00000000
0.26593690;34.56000000;172.00000000
0.27013230;34.99500000;179.00000000
0.27438950;35.42200000;185.00000000
0.27873950;35.84500000;190.00000000
0.28352060;36.29500000;194.00000000
0.28805580;36.71500000;199.00000000
0.29277580;37.14200000;203.00000000
0.29746510;37.56000000;207.00000000
0.30237020;37.98700000;211.00000000
0.30724420;38.41200000;200.00000000
0.31171720;38.84500000;177.00000000
0.31558020;39.26500000;158.00000000
0.31927530;39.71700000;140.00000000
0.32263900;40.16500000;133.00000000
0.32593790;40.61500000;133.00000000
0.32921000;41.05500000;135.00000000
0.33244800;41.48500000;141.00000000
0.33599580;41.92700000;149.00000000
0.33957650;42.35700000;155.00000000
0.34324480;42.78000000;154.00000000
0.34666710;43.21200000;134.00000000
0.34966270;43.65000000;116.00000000
0.35216410;44.07500000;99.00000000
0.35450650;44.52200000;89.00000000
0.35660200;44.96000000;85.00000000
0.35873170;45.40000000;86.00000000
0.36086050;45.82700000;90.00000000
0.36305200;46.26000000;95.00000000
0.36533220;46.68200000;101.00000000
0.36789350;47.11700000;113.00000000
0.37066920;47.53700000;124.00000000
0.37375490;47.97500000;133.00000000
0.37711850;48.41700000;143.00000000
0.38057300;48.84500000;152.00000000
0.38412050;49.26000000;159.00000000
0.38794580;49.69000000;166.00000000
0.39186430;50.11000000;173.00000000
0.39596740;50.53500000;179.00000000
0.40044040;50.97700000;186.00000000
0.40488270;51.40500000;192.00000000
0.40994190;51.88000000;197.00000000
0.41469280;52.31200000;202.00000000
0.41984470;52.77200000;207.00000000
0.42465700;53.19200000;211.00000000
0.43002480;53.65000000;216.00000000
0.43530090;54.09000000;220.00000000
0.44072980;54.53500000;224.00000000
0.44628270;54.98500000;221.00000000
0.45137010;55.42700000;196.00000000
0.45581420;55.86700000;173.00000000
0.45967420;56.30700000;149.00000000
0.46306400;56.74200000;131.00000000
0.46596550;57.17500000;115.00000000
0.46856290;57.60700000;102.00000000
0.47093050;58.04500000;93.00000000
0.47318170;58.48200000;90.00000000
0.47543350;58.93000000;90.00000000
0.47762670;59.36700000;89.00000000
0.47981600;59.80000000;89.00000000
0.48216020;60.26000000;91.00000000
0.48425690;60.70500000;94.00000000
0.48629100;61.15000000;96.00000000
0.48903520;61.58500000;104.00000000
0.49153360;62.01700000;114.00000000
0.49477670;62.47000000;125.00000000
0.49764530;62.90700000;133.00000000
0.50076380;63.33000000;141.00000000
0.50462300;63.77500000;150.00000000
0.50808200;64.22000000;157.00000000
0.51239400;64.67500000;163.00000000
0.51615620;65.11200000;168.00000000
0.51992020;65.53700000;173.00000000
0.52473270;65.99500000;179.00000000
0.52871280;66.45000000;184.00000000
0.53380360;66.88000000;189.00000000
0.53796710;67.31200000;192.00000000
0.54324250;67.75000000;188.00000000
0.54746840;68.19200000;174.00000000
0.55110940;68.62000000;164.00000000
0.55545860;69.05700000;158.00000000
0.55888000;69.51200000;156.00000000
0.56329410;69.96700000;159.00000000
0.56678210;70.41500000;164.00000000
0.57134730;70.85500000;170.00000000
0.57523300;71.30000000;175.00000000
0.58001850;71.75700000;179.00000000
0.58401870;72.21500000;183.00000000
0.58920510;72.66500000;189.00000000
0.59337520;73.10200000;192.00000000
0.59751280;73.53500000;195.00000000
0.60303570;73.98500000;199.00000000
0.60730870;74.42700000;202.00000000
0.61302380;74.88000000;206.00000000
0.61762040;75.34000000;209.00000000
0.62342060;75.80200000;213.00000000
0.62798600;76.23200000;216.00000000
0.63409390;76.68000000;220.00000000
0.63893750;77.13200000;222.00000000
0.64479880;77.58200000;200.00000000
0.64890120;78.02500000;177.00000000
0.65343770;78.46000000;151.00000000
0.65655670;78.91500000;135.00000000
0.66016330;79.36500000;122.00000000
0.66266190;79.83000000;115.00000000
0.66589990;80.28700000;112.00000000
0.66839810;80.70200000;115.00000000
0.67160570;81.15700000;118.00000000
0.67422810;81.60000000;122.00000000
0.67700860;82.04700000;129.00000000
0.68073580;82.48200000;140.00000000
0.68388540;82.91200000;148.00000000
0.68807260;83.36200000;156.00000000
0.69144300;83.80000000;144.00000000
0.69437700;84.24700000;129.00000000
0.69789080;84.69000000;119.00000000
0.70051300;85.14200000;118.00000000
0.70378290;85.59700000;122.00000000
0.70646430;86.05000000;124.00000000
0.71004640;86.50500000;129.00000000
0.71355980;86.96000000;130.00000000
0.71646000;87.41500000;138.00000000
0.72040050;87.87000000;148.00000000
0.72374650;88.32000000;156.00000000
0.72821660;88.76200000;164.00000000
0.73179690;89.20700000;171.00000000
0.73673000;89.66500000;179.00000000
0.74061720;90.10700000;185.00000000
0.74472020;90.54200000;190.00000000
0.75008790;90.99500000;196.00000000
0.75437620;91.44200000;200.00000000
0.75992890;91.89200000;205.00000000
0.76569750;92.35700000;210.00000000
0.77041770;92.82000000;214.00000000
0.77621750;93.27200000;218.00000000
0.78115330;93.70200000;221.00000000
0.78720010;94.15500000;224.00000000
0.79207410;94.60500000;226.00000000
0.79839750;95.05500000;228.00000000
0.80355100;95.50000000;228.00000000
0.80965730;95.95200000;230.00000000
0.81533380;96.39700000;232.00000000
0.82113430;96.85000000;234.00000000
0.82687220;97.29500000;235.00000000
0.83261030;97.73700000;237.00000000
0.83825830;98.17000000;238.00000000
0.84407520;98.61500000;239.00000000
0.85006450;99.06700000;240.00000000
0.85584260;99.50500000;241.00000000
0.86192910;99.96200000;242.00000000
0.86771610;100.42000000;215.00000000
0.87259340;100.85700000;189.00000000
0.87693870;101.30500000;165.00000000
0.88067540;101.74200000;147.00000000
0.88403700;102.18200000;133.00000000
0.88727690;102.62700000;132.00000000
0.89051600;103.06700000;134.00000000
0.89393840;103.51700000;142.00000000
0.89751850;103.97000000;144.00000000
0.90109210;104.42000000;145.00000000
0.90458100;104.85700000;147.00000000
0.90822220;105.29700000;154.00000000
0.91217240;105.75500000;159.00000000
0.91602580;106.18500000;165.00000000
0.91997560;106.61500000;171.00000000
0.92401620;107.04500000;163.00000000
0.92768960;107.48500000;141.00000000
0.93089320;107.92700000;122.00000000
0.93373570;108.37200000;110.00000000
0.93619560;108.79000000;102.00000000
0.93873110;109.24200000;99.00000000
0.94104730;109.66000000;99.00000000
0.94339360;110.09200000;98.00000000
0.94573470;110.52000000;98.00000000
0.94810830;110.95000000;101.00000000
0.95057770;111.38500000;103.00000000
0.95313950;111.82500000;111.00000000
0.95594770;112.26000000;121.00000000
0.95893730;112.69700000;129.00000000
0.96217600;113.13500000;138.00000000
0.96566420;113.58000000;147.00000000
0.96924320;114.01000000;155.00000000
0.97313060;114.45700000;161.00000000
0.97716720;114.90200000;168.00000000
0.98145660;115.35700000;175.00000000
0.98580690;115.80200000;181.00000000
0.99021980;116.24000000;187.00000000
0.99484520;116.68200000;192.00000000
0.99958550;117.13200000;196.00000000
