0.00077176;0.10700000;164.00000000
0.00472763;0.54200000;167.00000000
0.00856260;0.95700000;170.00000000
0.01251798;1.37700000;173.00000000
0.01696424;1.83700000;176.00000000
0.02111802;2.26500000;179.00000000
0.02549770;2.70500000;182.00000000
0.02987760;3.14000000;184.00000000
0.03435083;3.58000000;187.00000000
0.03879304;4.00700000;189.00000000
0.04329707;4.43700000;192.00000000
0.04792437;4.87700000;193.00000000
0.05252112;5.30500000;195.00000000
0.05748797;5.76500000;198.00000000
0.06242407;6.21700000;200.00000000
0.06723699;6.65200000;202.00000000
0.07223388;7.09700000;205.00000000
0.07710738;7.53000000;207.00000000
0.08210049;7.96700000;209.00000000
0.08719674;8.40700000;211.00000000
0.09223143;8.84500000;203.00000000
0.09690914;9.28200000;188.00000000
0.10119990;9.72000000;170.00000000
0.10524360;10.17500000;153.00000000
0.10879060;10.62000000;136.00000000
0.11187780;11.06000000;120.00000000
0.11465240;11.52000000;102.00000000
0.11690620;11.94500000;89.00000000
0.11891500;12.38700000;77.00000000
0.12072780;12.83700000;67.00000000
0.12239360;13.29200000;61.00000000
0.12384220;13.71500000;60.00000000
0.12544840;14.17700000;62.00000000
0.12711460;14.62000000;69.00000000
0.12887400;15.05700000;76.00000000
0.13093930;15.52500000;80.00000000
0.13297540;15.97200000;84.00000000
0.13507460;16.41000000;90.00000000
0.13738630;16.86000000;95.00000000
0.13979410;17.31000000;100.00000000
0.14229450;17.75000000;105.00000000
0.14497730;18.20500000;110.00000000
0.14763160;18.63500000;115.00000000
0.15037420;19.07000000;108.00000000
0.15296820;19.52500000;101.00000000
0.15540340;19.96500000;99.00000000
0.15787220;20.41200000;99.00000000
0.16024670;20.84200000;100.00000000
0.16265340;21.27200000;101.00000000
0.16512150;21.71200000;101.00000000
0.16768160;22.16700000;104.00000000
0.17036560;22.62700000;107.00000000
0.17298720;23.07000000;110.00000000
0.17573390;23.51000000;115.00000000
0.17863320;23.96000000;120.00000000
0.18147180;24.38200000;125.00000000
0.18449510;24.81000000;130.00000000
0.18773340;25.25500000;135.00000000
0.19118870;25.71200000;140.00000000
0.19439900;26.13700000;130.00000000
0.19742150;26.58000000;117.00000000
0.20019740;27.03200000;105.00000000
0.20257260;27.46200000;95.00000000
0.20488690;27.92700000;85.00000000
0.20689170;28.36700000;79.00000000
0.20874280;28.79700000;75.00000000
0.21056150;29.22700000;75.00000000
0.21238280;29.66200000;75.00000000
0.21426490;30.11000000;74.00000000
0.21605220;30.53500000;75.00000000
0.21802220;30.99500000;77.00000000
0.21996570;31.43000000;82.00000000
0.22200530;31.86500000;88.00000000
0.22435310;32.33200000;93.00000000
0.22660810;32.76000000;94.00000000
0.22885730;33.20500000;89.00000000
0.23095370;33.63500000;87.00000000
0.23311090;34.07500000;89.00000000
0.23524130;34.50200000;90.00000000
0.23746480;34.94000000;94.00000000
0.23974650;35.36500000;99.00000000
0.24230570;35.82500000;105.00000000
0.24483520;36.25200000;110.00000000
0.24761230;36.69500000;115.00000000
0.25048120;37.13700000;120.00000000
0.25347330;37.58000000;125.00000000
0.25652750;38.01500000;130.00000000
0.25970530;38.45000000;135.00000000
0.26294430;38.88200000;139.00000000
0.26639950;39.32700000;143.00000000
0.26985470;39.76200000;146.00000000
0.27358730;40.21700000;150.00000000
0.27710440;40.64000000;154.00000000
0.28083720;41.07500000;158.00000000
0.28484710;41.53200000;161.00000000
0.28876540;41.96700000;165.00000000
0.29277580;42.40700000;168.00000000
0.29687990;42.84700000;171.00000000
0.30101230;43.28200000;174.00000000
0.30511510;43.70500000;177.00000000
0.30940230;44.15500000;166.00000000
0.31319970;44.59000000;150.00000000
0.31656040;45.01700000;136.00000000
0.31967670;45.45200000;125.00000000
0.32263900;45.89000000;119.00000000
0.32556810;46.33700000;118.00000000
0.32853160;46.78500000;119.00000000
0.33146110;47.22700000;121.00000000
0.33442110;47.66500000;124.00000000
0.33741540;48.09700000;128.00000000
0.34062230;48.54200000;132.00000000
0.34392380;48.99000000;137.00000000
0.34709990;49.44000000;120.00000000
0.34987890;49.88700000;105.00000000
0.35231860;50.34000000;92.00000000
0.35447570;50.78000000;83.00000000
0.35644810;51.21700000;79.00000000
0.35833070;51.63700000;79.00000000
0.36027400;52.07000000;80.00000000
0.36227970;52.50200000;85.00000000
0.36434420;52.93200000;90.00000000
0.36662810;53.37500000;96.00000000
0.36906530;53.82000000;102.00000000
0.37165530;54.26500000;108.00000000
0.37431030;54.69500000;115.00000000
0.37718020;55.14000000;121.00000000
0.38017190;55.58000000;126.00000000
0.38338020;56.02700000;132.00000000
0.38683550;56.49500000;138.00000000
0.39019820;56.93000000;142.00000000
0.39356150;57.35500000;146.00000000
0.39710870;57.78700000;150.00000000
0.40081060;58.22700000;155.00000000
0.40460510;58.67000000;159.00000000
0.40858450;59.11700000;163.00000000
0.41262590;59.56000000;167.00000000
0.41685220;60.01500000;171.00000000
0.42089350;60.44000000;175.00000000
0.42530490;60.89500000;178.00000000
0.42980880;61.34700000;182.00000000
0.43412860;61.77500000;185.00000000
0.43853970;62.20500000;188.00000000
0.44307440;62.64200000;191.00000000
0.44770090;63.08200000;187.00000000
0.45198580;63.51500000;171.00000000
0.45569070;63.92700000;156.00000000
0.45914930;64.35500000;139.00000000
0.46223000;64.78000000;124.00000000
0.46503950;65.21200000;111.00000000
0.46760550;65.65500000;99.00000000
0.46994280;66.10000000;90.00000000
0.47200950;66.52500000;84.00000000
0.47404330;66.95700000;82.00000000
0.47599050;67.38200000;82.00000000
0.47805850;67.82700000;82.00000000
0.48006280;68.26200000;82.00000000
0.48212940;68.70200000;83.00000000
0.48416440;69.13200000;85.00000000
0.48626010;69.56700000;88.00000000
0.48851100;70.02000000;92.00000000
0.49082400;70.46200000;97.00000000
0.49289230;70.90200000;102.00000000
0.49573080;71.35000000;108.00000000
0.49813960;71.78000000;112.00000000
0.50128890;72.22200000;118.00000000
0.50391140;72.67000000;122.00000000
0.50734160;73.11700000;127.00000000
0.51024000;73.54000000;131.00000000
0.51328770;73.97700000;135.00000000
0.51618710;74.41200000;138.00000000
0.52004360;74.84200000;142.00000000
0.52319060;75.27200000;144.00000000
0.52646020;75.69700000;147.00000000
0.53044050;76.14200000;150.00000000
0.53374180;76.57200000;152.00000000
0.53716530;77.00000000;155.00000000
0.54139100;77.42000000;157.00000000
0.54500120;77.85000000;159.00000000
0.54842500;78.29000000;151.00000000
0.55246720;78.73200000;142.00000000
0.55548940;79.16500000;138.00000000
0.55850960;79.58700000;136.00000000
0.56230570;80.03200000;137.00000000
0.56526960;80.44200000;139.00000000
0.56841490;80.90000000;141.00000000
0.57221180;81.31700000;144.00000000
0.57557210;81.75700000;146.00000000
0.57866010;82.19000000;148.00000000
0.58284740;82.62700000;151.00000000
0.58620250;83.06000000;153.00000000
0.58957410;83.49200000;156.00000000
0.59387130;83.92200000;158.00000000
0.59738960;84.35700000;161.00000000
0.60096410;84.80700000;163.00000000
0.60552570;85.24700000;166.00000000
0.60929020;85.70500000;168.00000000
0.61385730;86.14200000;171.00000000
0.61768210;86.58500000;173.00000000
0.62240240;87.02000000;176.00000000
0.62632010;87.45700000;178.00000000
0.63029920;87.89700000;181.00000000
0.63529710;88.34000000;183.00000000
0.63936950;88.78200000;185.00000000
0.64445940;89.23000000;178.00000000
0.64819200;89.66700000;161.00000000
0.65152410;90.10200000;146.00000000
0.65532110;90.58000000;128.00000000
0.65806540;90.99000000;118.00000000
0.66111870;91.42000000;109.00000000
0.66352540;91.86500000;104.00000000
0.66580740;92.29700000;102.00000000
0.66867590;92.74500000;104.00000000
0.67098860;93.18200000;105.00000000
0.67395000;93.62500000;110.00000000
0.67636120;94.05500000;115.00000000
0.67894910;94.48700000;119.00000000
0.68237250;94.92500000;125.00000000
0.68515240;95.37700000;129.00000000
0.68878710;95.82200000;135.00000000
0.69178270;96.24500000;129.00000000
0.69446900;96.67700000;118.00000000
0.69699650;97.11200000;110.00000000
0.69995840;97.55700000;107.00000000
0.70242530;98.00000000;108.00000000
0.70541810;98.44500000;111.00000000
0.70785360;98.87700000;113.00000000
0.71035550;99.30000000;116.00000000
0.71362110;99.76000000;119.00000000
0.71633590;100.20500000;122.00000000
0.71979060;100.65200000;128.00000000
0.72273240;101.11200000;133.00000000
0.72633550;101.56200000;138.00000000
0.72951160;102.00500000;143.00000000
0.73340200;102.41700000;147.00000000
0.73666840;102.87200000;151.00000000
0.74009230;103.29200000;155.00000000
0.74444250;103.72500000;160.00000000
0.74795910;104.15200000;163.00000000
0.75169220;104.58000000;167.00000000
0.75533250;105.01000000;170.00000000
0.76014490;105.43200000;174.00000000
0.76440200;105.87000000;177.00000000
0.76865930;106.30500000;180.00000000
0.77300890;106.74000000;183.00000000
0.77735900;107.17000000;185.00000000
0.78170860;107.59500000;187.00000000
0.78605870;108.01500000;189.00000000
0.79034640;108.42500000;190.00000000
0.79481970;108.85200000;191.00000000
0.79923100;109.27200000;191.00000000
0.80389090;109.71200000;193.00000000
0.80885570;110.17700000;195.00000000
0.81388200;110.64500000;196.00000000
0.81854440;111.07500000;198.00000000
0.82335540;111.51500000;200.00000000
0.82822920;111.95700000;201.00000000
0.83273380;112.36500000;202.00000000
0.83773390;112.81200000;204.00000000
0.84254120;113.24000000;205.00000000
0.84725840;113.65700000;206.00000000
0.85213710;114.08700000;207.00000000
0.85702620;114.51700000;208.00000000
0.86199060;114.95000000;209.00000000
0.86694640;115.40000000;191.00000000
0.87123380;115.83000000;173.00000000
0.87506320;116.25500000;155.00000000
0.87851400;116.68000000;140.00000000
0.88166450;117.11000000;127.00000000
0.88465360;117.55000000;119.00000000
0.88752440;117.98700000;117.00000000
0.89030000;118.42000000;118.00000000
0.89307390;118.84200000;121.00000000
0.89600560;119.27500000;123.00000000
0.89896950;119.70700000;125.00000000
0.90204940;120.15000000;128.00000000
0.90525790;120.60200000;130.00000000
0.90837650;121.03200000;133.00000000
0.91171000;121.48000000;137.00000000
0.91494690;121.90500000;140.00000000
0.91837130;122.34500000;143.00000000
0.92176400;122.77200000;146.00000000
0.92527940;123.20700000;142.00000000
0.92846270;123.64000000;125.00000000
0.93126400;124.07200000;112.00000000
0.93379740;124.50000000;102.00000000
0.93616470;124.93200000;95.00000000
0.93832860;125.35200000;92.00000000
0.94064420;125.80200000;91.00000000
0.94299230;126.26500000;90.00000000
0.94511850;126.69000000;90.00000000
0.94730640;127.12500000;91.00000000
0.94952840;127.56000000;94.00000000
0.95184330;127.99500000;98.00000000
0.95412810;128.40500000;103.00000000
0.95668720;128.84200000;108.00000000
0.95930670;129.27200000;113.00000000
0.96202160;129.70000000;118.00000000
0.96498650;130.14500000;123.00000000
0.96803900;130.58700000;128.00000000
0.97121910;131.03000000;133.00000000
0.97464140;131.49000000;138.00000000
0.97809500;131.94000000;142.00000000
0.98158010;132.38200000;145.00000000
0.98509810;132.81700000;149.00000000
0.98876920;133.26000000;152.00000000
0.99244640;133.69200000;156.00000000
0.99622910;134.13000000;160.00000000
