0.00116893;0.00000000;194.00000000
0.00568699;0.42000000;198.00000000
0.01041702;0.85200000;201.00000000
0.01523551;1.28200000;205.00000000
0.02016301;1.71700000;208.00000000
0.02528180;2.16000000;212.00000000
0.03021690;2.58000000;215.00000000
0.03521459;3.00000000;218.00000000
0.04039727;3.42700000;221.00000000
0.04548742;3.84200000;224.00000000
0.05088605;4.27700000;227.00000000
0.05650086;4.72500000;230.00000000
0.06214647;5.16700000;233.00000000
0.06810021;5.63000000;236.00000000
0.07393251;6.07700000;238.00000000
0.07969841;6.51500000;240.00000000
0.08549883;6.95200000;242.00000000
0.09133958;7.39700000;229.00000000
0.09660193;7.83500000;209.00000000
0.10160110;8.29200000;188.00000000
0.10589110;8.73000000;168.00000000
0.10974720;9.17500000;149.00000000
0.11317250;9.62000000;130.00000000
0.11613440;10.06500000;112.00000000
0.11857520;10.49000000;96.00000000
0.12069700;10.91700000;83.00000000
0.12264030;11.34700000;76.00000000
0.12442780;11.79000000;70.00000000
0.12600390;12.23000000;66.00000000
0.12760840;12.68000000;72.00000000
0.12946030;13.10700000;85.00000000
0.13167920;13.55700000;91.00000000
0.13411750;14.01500000;101.00000000
0.13664710;14.45000000;110.00000000
0.13945470;14.89200000;119.00000000
0.14241760;15.33000000;127.00000000
0.14562490;15.77200000;134.00000000
0.14886210;16.21700000;125.00000000
0.15167110;16.65000000;113.00000000
0.15432300;17.07700000;109.00000000
0.15703880;17.53000000;109.00000000
0.15972250;17.97200000;110.00000000
0.16252990;18.43000000;111.00000000
0.16509070;18.84700000;112.00000000
0.16786680;19.29500000;114.00000000
0.17082840;19.75500000;119.00000000
0.17372780;20.19500000;122.00000000
0.17672210;20.62700000;130.00000000
0.17986730;21.05200000;138.00000000
0.18335390;21.50000000;146.00000000
0.18690060;21.93000000;153.00000000
0.19066400;22.36500000;159.00000000
0.19430630;22.80500000;142.00000000
0.19776090;23.28000000;124.00000000
0.20059830;23.71700000;110.00000000
0.20315870;24.16500000;99.00000000
0.20547330;24.61000000;89.00000000
0.20757040;25.05000000;83.00000000
0.20963690;25.50000000;81.00000000
0.21179610;25.97200000;81.00000000
0.21380230;26.41200000;81.00000000
0.21580580;26.85000000;81.00000000
0.21783730;27.28200000;86.00000000
0.21996570;27.72500000;90.00000000
0.22234550;28.17500000;101.00000000
0.22503530;28.63200000;109.00000000
0.22771590;29.10500000;98.00000000
0.23012070;29.55000000;95.00000000
0.23243300;29.98500000;96.00000000
0.23493270;30.44000000;101.00000000
0.23749570;30.89200000;104.00000000
0.24011660;31.32700000;114.00000000
0.24301490;31.77200000;123.00000000
0.24606940;32.21000000;131.00000000
0.24946340;32.66500000;139.00000000
0.25291790;33.10500000;146.00000000
0.25686690;33.58500000;154.00000000
0.26059960;34.01700000;160.00000000
0.26457950;34.46000000;166.00000000
0.26877500;34.91200000;172.00000000
0.27303200;35.35500000;177.00000000
0.27735120;35.79200000;183.00000000
0.28170080;36.21700000;187.00000000
0.28638970;36.66700000;193.00000000
0.29101690;37.10000000;197.00000000
0.29598530;37.55200000;201.00000000
0.30098140;38.00000000;205.00000000
0.30594830;38.44000000;201.00000000
0.31075950;38.90200000;179.00000000
0.31489910;39.35000000;160.00000000
0.31868850;39.80700000;141.00000000
0.32211510;40.26000000;133.00000000
0.32544470;40.71200000;132.00000000
0.32884010;41.17200000;134.00000000
0.33226300;41.62700000;140.00000000
0.33574880;42.06700000;147.00000000
0.33951490;42.52200000;154.00000000
0.34330650;42.96700000;151.00000000
0.34675980;43.41200000;133.00000000
0.34978620;43.85500000;115.00000000
0.35234940;44.29500000;98.00000000
0.35469150;44.74700000;88.00000000
0.35687920;45.19200000;86.00000000
0.35910200;45.65200000;87.00000000
0.36144690;46.11500000;94.00000000
0.36388300;46.56700000;102.00000000
0.36638150;47.01200000;104.00000000
0.36906530;47.45700000;115.00000000
0.37205640;47.90700000;125.00000000
0.37520500;48.35200000;134.00000000
0.37869120;48.80700000;142.00000000
0.38226990;49.25200000;151.00000000
0.38600260;49.69200000;158.00000000
0.39007480;50.15000000;165.00000000
0.39424020;50.60200000;171.00000000
0.39840440;51.03500000;177.00000000
0.40287750;51.48700000;183.00000000
0.40738150;51.92500000;189.00000000
0.41207050;52.37000000;194.00000000
0.41682140;52.81000000;199.00000000
0.42181900;53.26200000;203.00000000
0.42700110;53.72000000;208.00000000
0.43221550;54.17200000;212.00000000
0.43730560;54.60500000;216.00000000
0.44264250;55.05000000;220.00000000
0.44785510;55.49000000;206.00000000
0.45266460;55.94000000;184.00000000
0.45680240;56.37200000;163.00000000
0.46050780;56.81200000;144.00000000
0.46395950;57.27500000;126.00000000
0.46686260;57.72000000;110.00000000
0.46942230;58.16500000;99.00000000
0.47176270;58.60500000;92.00000000
0.47404330;59.05200000;91.00000000
0.47633030;59.50000000;90.00000000
0.47852100;59.92700000;90.00000000
0.48067950;60.35200000;90.00000000
0.48290040;60.78700000;92.00000000
0.48521230;61.22500000;97.00000000
0.48774010;61.68000000;102.00000000
0.48986790;62.11700000;109.00000000
0.49307770;62.55700000;119.00000000
0.49573080;62.98200000;126.00000000
0.49863380;63.40500000;133.00000000
0.50153590;63.82700000;139.00000000
0.50551970;64.26500000;148.00000000
0.50885280;64.70000000;154.00000000
0.51233240;65.12500000;159.00000000
0.51671170;65.56500000;165.00000000
0.52050640;66.01000000;169.00000000
0.52513360;66.44500000;174.00000000
0.52911380;66.89000000;178.00000000
0.53309340;67.32700000;182.00000000
0.53815210;67.75700000;187.00000000
0.54222430;68.20500000;189.00000000
0.54725240;68.65500000;173.00000000
0.55092400;69.10500000;163.00000000
0.55521200;69.54000000;158.00000000
0.55872570;69.98500000;156.00000000
0.56295440;70.44200000;157.00000000
0.56650480;70.88000000;162.00000000
0.57017420;71.32500000;166.00000000
0.57470910;71.76000000;171.00000000
0.57859860;72.20200000;174.00000000
0.58238390;72.63700000;177.00000000
0.58731260;73.08000000;182.00000000
0.59131720;73.53000000;185.00000000
0.59649590;73.97700000;190.00000000
0.60074850;74.42200000;193.00000000
0.60623210;74.85500000;197.00000000
0.61049250;75.29200000;200.00000000
0.61499900;75.72200000;203.00000000
0.62058200;76.15000000;206.00000000
0.62508640;76.57700000;209.00000000
0.62977500;77.00200000;212.00000000
0.63440250;77.42200000;215.00000000
0.64044920;77.87200000;216.00000000
0.64501470;78.29000000;195.00000000
0.64893200;78.71000000;176.00000000
0.65343770;79.14000000;153.00000000
0.65671030;79.56700000;137.00000000
0.65957680;79.99700000;124.00000000
0.66281610;80.44000000;115.00000000
0.66537560;80.86200000;113.00000000
0.66793530;81.30200000;115.00000000
0.67043360;81.73200000;116.00000000
0.67370280;82.16000000;122.00000000
0.67651530;82.59700000;130.00000000
0.67950360;83.02500000;137.00000000
0.68332970;83.44500000;145.00000000
0.68663450;83.88200000;152.00000000
0.69005280;84.32000000;150.00000000
0.69385460;84.74500000;132.00000000
0.69671880;85.19000000;121.00000000
0.69934160;85.62500000;118.00000000
0.70261050;86.04700000;120.00000000
0.70529470;86.47500000;124.00000000
0.70803890;86.91700000;127.00000000
0.71159040;87.35500000;130.00000000
0.71454390;87.77700000;136.00000000
0.71762900;88.22000000;142.00000000
0.72168620;88.66200000;151.00000000
0.72507020;89.07700000;158.00000000
0.72861740;89.52000000;164.00000000
0.73330930;89.95200000;172.00000000
0.73703830;90.39000000;177.00000000
0.74098730;90.81500000;182.00000000
0.74604660;91.23700000;189.00000000
0.75039640;91.67200000;194.00000000
0.75459210;92.09000000;198.00000000
0.75903450;92.52200000;201.00000000
0.76471040;92.95200000;206.00000000
0.76946140;93.37000000;209.00000000
0.77467500;93.82000000;213.00000000
0.77995040;94.26500000;216.00000000
0.78494790;94.68500000;218.00000000
0.79019220;95.12000000;221.00000000
0.79540600;95.54700000;223.00000000
0.80074350;95.98000000;225.00000000
0.80620570;96.42200000;227.00000000
0.81166240;96.85700000;229.00000000
0.81693890;97.27500000;231.00000000
0.82242990;97.70500000;233.00000000
0.82813670;98.15000000;235.00000000
0.83378290;98.58500000;237.00000000
0.83921110;99.00200000;238.00000000
0.84477380;99.42500000;239.00000000
0.85049810;99.86000000;240.00000000
0.85621630;100.29500000;241.00000000
0.86168300;100.70700000;238.00000000
0.86700800;101.13700000;213.00000000
0.87175880;101.56500000;191.00000000
0.87598600;101.99000000;170.00000000
0.87984180;102.42700000;152.00000000
0.88314280;102.84000000;138.00000000
0.88628710;103.26500000;132.00000000
0.88946590;103.70500000;130.00000000
0.89257930;104.12700000;136.00000000
0.89569710;104.53700000;139.00000000
0.89903130;104.96700000;142.00000000
0.90257450;105.41700000;144.00000000
0.90615470;105.86000000;149.00000000
0.90982660;106.30000000;155.00000000
0.91362140;106.73500000;161.00000000
0.91760020;107.17700000;166.00000000
0.92148620;107.60000000;171.00000000
0.92549570;108.04500000;153.00000000
0.92883430;108.46700000;134.00000000
0.93172760;108.88000000;119.00000000
0.93447700;109.32200000;107.00000000
0.93703060;109.76200000;101.00000000
0.93953210;110.21000000;100.00000000
0.94194600;110.64500000;99.00000000
0.94431790;111.07500000;98.00000000
0.94675200;111.51700000;101.00000000
0.94925060;111.95700000;104.00000000
0.95175060;112.38200000;109.00000000
0.95437570;112.80200000;117.00000000
0.95714970;113.22000000;124.00000000
0.96032320;113.67000000;132.00000000
0.96372070;114.12000000;140.00000000
0.96714380;114.55500000;147.00000000
0.97075520;114.98700000;155.00000000
0.97448740;115.41700000;161.00000000
0.97824980;115.83700000;166.00000000
0.98232100;116.27500000;172.00000000
0.98633080;116.69500000;177.00000000
0.99062110;117.12700000;182.00000000
0.99502970;117.56200000;187.00000000
0.99958550;118.00200000;192.00000000
