0.00000000;0.11000000
0.00200000;0.84224228
0.00400000;1.63506421
0.00600000;2.38666405
0.00800000;3.15304448
0.01000000;3.89856487
0.01200000;4.63282375
0.01400000;5.33716205
0.01600000;6.05844464
0.01800000;6.77877418
0.02000000;7.63162715
0.02200000;8.69562113
0.02400000;10.21221292
0.02600000;12.65917462
0.02800000;15.37654816
0.03000000;17.32702529
0.03200000;18.73247913
0.03400000;19.93573703
0.03600000;21.02558143
0.03800000;22.00613587
0.04000000;22.95417792
0.04200000;23.85888239
0.04400000;24.97322210
0.04600000;26.29046222
0.04800000;27.65762585
0.05000000;28.93836570
0.05200000;30.73474547
0.05400000;32.54286803
0.05600000;34.05757470
0.05800000;35.30072458
0.06000000;36.37351190
0.06200000;37.36849822
0.06400000;38.29116803
0.06600000;39.17753194
0.06800000;40.02914334
0.07000000;40.86264518
0.07200000;41.85373502
0.07400000;43.21252815
0.07600000;45.14548708
0.07800000;47.08646235
0.08000000;48.69772388
0.08200000;49.98237259
0.08400000;51.14390999
0.08600000;52.19708369
0.08800000;53.17290455
0.09000000;54.14135903
0.09200000;55.11434890
0.09400000;56.12728194
0.09600000;57.11927580
0.09800000;58.10782257
0.10000000;59.06515436
0.10200000;59.97262958
0.10400000;60.86817626
0.10600000;61.71254395
0.10800000;62.55538615
0.11000000;63.43970897
0.11200000;64.56528334
0.11400000;66.03547865
0.11600000;67.52529198
0.11800000;68.80991401
0.12000000;70.13224110
0.12200000;71.59026212
0.12400000;73.00230147
0.12600000;74.24909709
0.12800000;75.35419861
0.13000000;76.34752364
0.13200000;77.28304448
0.13400000;78.19041162
0.13600000;79.03240278
0.13800000;79.86525509
0.14000000;80.68016441
0.14200000;81.48721771
0.14400000;82.28969554
0.14600000;83.05908268
0.14800000;83.81584092
0.15000000;84.57063892
0.15200000;85.31885587
0.15400000;86.09187822
0.15600000;87.03028424
0.15800000;88.27138943
0.16000000;89.61778920
0.16200000;90.85614264
0.16400000;92.05626901
0.16600000;93.17458543
0.16800000;94.64498727
0.17000000;96.48287435
0.17200000;98.24629195
0.17400000;99.65749151
0.17600000;101.28856520
0.17800000;103.22032268
0.18000000;104.71152561
0.18200000;105.92031085
0.18400000;107.00574144
0.18600000;107.97543940
0.18800000;108.90666709
0.19000000;109.80008677
0.19200000;110.71467350
0.19400000;111.60209887
0.19600000;112.44396661
0.19800000;113.27293456
0.20000000;114.09586041
0.20200000;114.90305141
0.20400000;115.78873960
0.20600000;116.84405370
0.20800000;118.16707085
0.21000000;119.61372307
0.21200000;120.88172362
0.21400000;122.04101507
0.21600000;123.13115181
0.21800000;124.35225256
0.22000000;125.75924325
0.22200000;127.16871364
0.22400000;128.38004112
0.22600000;129.66303682
0.22800000;131.16029894
0.23000000;132.57185397
0.23200000;133.83228121
0.23400000;134.95901007
0.23600000;135.98119643
0.23800000;136.93021443
0.24000000;137.83231369
0.24200000;138.71852168
0.24400000;139.54283380
0.24600000;140.36683107
0.24800000;141.15988503
0.25000000;141.95796217
0.25200000;142.74288884
0.25400000;143.50793397
0.25600000;144.28094039
0.25800000;145.05887967
0.26000000;145.92325303
0.26200000;146.78510584
0.26400000;147.65426604
0.26600000;148.51367215
0.26800000;149.32053659
0.27000000;150.14451829
0.27200000;150.92844509
0.27400000;151.70696660
0.27600000;152.48661498
0.27800000;153.23095553
0.28000000;153.97695376
0.28200000;154.72968950
0.28400000;155.43237796
0.28600000;156.14907680
0.28800000;156.83768524
0.29000000;157.52336615
0.29200000;158.19901434
0.29400000;158.88632980
0.29600000;159.53560314
0.29800000;160.20063150
0.30000000;160.86152280
0.30200000;161.51885592
0.30400000;162.17208594
0.30600000;162.85475088
0.30800000;163.57844797
0.31000000;164.35277120
0.31200000;165.15519075
0.31400000;165.94265484
0.31600000;166.75869318
0.31800000;167.76179492
0.32000000;169.08033549
0.32200000;170.56820484
0.32400000;171.96960027
0.32600000;173.18496821
0.32800000;174.26632276
0.33000000;175.26268044
0.33200000;176.18078020
0.33400000;177.05096404
0.33600000;177.89035291
0.33800000;178.69790392
0.34000000;179.48276046
0.34200000;180.24809388
0.34400000;180.99766481
0.34600000;181.73135907
0.34800000;182.44972092
0.35000000;183.14647158
0.35200000;183.83559104
0.35400000;184.51427607
0.35600000;185.19348307
0.35800000;185.86915653
0.36000000;186.54672379
0.36200000;187.29913059
0.36400000;188.17472791
0.36600000;189.11498333
0.36800000;190.28589946
0.37000000;191.72421991
0.37200000;193.06422918
0.37400000;194.76003672
0.37600000;196.65007561
0.37800000;198.40044113
0.38000000;199.85211968
0.38200000;201.06368284
0.38400000;202.14671351
0.38600000;203.14111098
0.38800000;204.07857406
0.39000000;204.97474473
0.39200000;205.85666819
0.39400000;206.67367605
0.39600000;207.48379946
0.39800000;208.28312448
0.40000000;209.04369788
0.40200000;209.84360292
0.40400000;210.76483259
0.40600000;211.70932961
0.40800000;212.65849401
0.41000000;213.60434107
0.41200000;214.87225569
0.41400000;216.31919547
0.41600000;217.67010633
0.41800000;218.92218300
0.42000000;220.04588043
0.42200000;221.19224221
0.42400000;222.75301936
0.42600000;224.37209649
0.42800000;225.78282381
0.43000000;226.97115926
0.43200000;228.05004488
0.43400000;229.01030718
0.43600000;230.01711603
0.43800000;230.99637806
0.44000000;231.92090118
0.44200000;232.82327550
0.44400000;233.85165976
0.44600000;234.95780330
0.44800000;236.01718272
0.45000000;237.02251222
0.45200000;237.97934871
0.45400000;238.88892007
0.45600000;239.78148578
0.45800000;240.86591123
0.46000000;242.24565680
0.46200000;244.34339415
0.46400000;246.24389827
0.46600000;247.67692289
0.46800000;248.89082449
0.47000000;249.98307851
0.47200000;250.96284728
0.47400000;251.87536316
0.47600000;252.75290609
0.47800000;253.67829714
0.48000000;254.87079401
0.48200000;256.31347003
0.48400000;257.68537970
0.48600000;258.87199207
0.48800000;260.00108727
0.49000000;261.39326832
0.49200000;262.81452811
0.49400000;264.08873148
0.49600000;265.22430071
0.49800000;266.25945080
0.50000000;267.22158848
0.50200000;268.14093684
0.50400000;269.01896094
0.50600000;269.88378661
0.50800000;270.71577170
0.51000000;271.50632221
0.51200000;272.30652249
0.51400000;273.09630743
0.51600000;273.92460325
0.51800000;274.88368359
0.52000000;276.21007151
0.52200000;277.71521401
0.52400000;279.14437680
0.52600000;280.38822278
0.52800000;281.54000470
0.53000000;282.58771567
0.53200000;283.58040999
0.53400000;284.52720286
0.53600000;285.44727601
0.53800000;286.32470099
0.54000000;287.20113327
0.54200000;288.04522687
0.54400000;288.87259366
0.54600000;289.67988574
0.54800000;290.48398901
0.55000000;291.27583515
0.55200000;292.06158233
0.55400000;292.84087861
0.55600000;293.58915293
0.55800000;294.35639084
0.56000000;295.09255063
0.56200000;295.85011676
0.56400000;296.59021730
0.56600000;297.32789694
0.56800000;298.06236046
0.57000000;298.79650611
0.57200000;299.52254229
0.57400000;300.25670818
0.57600000;300.96822350
0.57800000;301.68799690
0.58000000;302.40871077
0.58200000;303.14186424
0.58400000;303.85614454
0.58600000;304.58718767
0.58800000;305.28948564
0.59000000;306.01063448
0.59200000;306.72949025
0.59400000;307.46493884
0.59600000;308.33042578
0.59800000;309.25859995
0.60000000;310.19570916
0.60200000;311.11687575
0.60400000;312.01332435
0.60600000;312.88652043
0.60800000;313.73866530
0.61000000;314.57290282
0.61200000;315.39638323
0.61400000;316.21365618
0.61600000;317.07857195
0.61800000;317.93410600
0.62000000;318.79429588
0.62200000;319.62661962
0.62400000;320.65144150
0.62600000;322.01542328
0.62800000;323.81667752
0.63000000;325.46731717
0.63200000;326.82446351
0.63400000;328.01592393
0.63600000;329.10370426
0.63800000;330.13696460
0.64000000;331.12041844
0.64200000;332.44308616
0.64400000;334.19814634
0.64600000;336.03940007
0.64800000;337.71207421
0.65000000;339.05209613
0.65200000;340.20897922
0.65400000;341.27784676
0.65600000;342.25313976
0.65800000;343.18854301
0.66000000;344.08975063
0.66200000;344.96412188
0.66400000;345.84384310
0.66600000;346.72236081
0.66800000;347.59195386
0.67000000;348.44564942
0.67200000;349.41284108
0.67400000;350.54642217
0.67600000;351.68552163
0.67800000;352.84217513
0.68000000;353.94866500
0.68200000;355.09905233
0.68400000;356.45195379
0.68600000;357.74509087
0.68800000;358.94216683
0.69000000;360.03028043
0.69200000;361.05215755
0.69400000;362.00565012
0.69600000;362.94747004
0.69800000;363.87477626
0.70000000;364.92145138
0.70200000;366.05517753
0.70400000;367.15344122
0.70600000;368.26800831
0.70800000;369.34000499
0.71000000;370.33771956
0.71200000;371.49011542
0.71400000;372.74626024
0.71600000;373.96749766
0.71800000;375.06561124
0.72000000;376.24921930
0.72200000;377.67503995
0.72400000;379.03800259
0.72600000;380.28586737
0.72800000;381.43676157
0.73000000;382.70376766
0.73200000;384.01481169
0.73400000;385.15967949
0.73600000;386.22962495
0.73800000;387.54974747
0.74000000;388.96826293
0.74200000;390.37494632
0.74400000;391.64127586
0.74600000;392.75027243
0.74800000;393.93521093
0.75000000;395.40526468
0.75200000;396.86050120
0.75400000;398.13817479
0.75600000;399.31434516
0.75800000;400.34750249
0.76000000;401.32055757
0.76200000;402.26069733
0.76400000;403.14965112
0.76600000;404.01085627
0.76800000;404.84402456
0.77000000;405.65861079
0.77200000;406.60177146
0.77400000;407.67608240
0.77600000;408.79065075
0.77800000;409.85733744
0.78000000;410.88548097
0.78200000;411.86184039
0.78400000;412.85485987
0.78600000;413.79188002
0.78800000;414.69959403
0.79000000;415.62346668
0.79200000;416.48972236
0.79400000;417.34518084
0.79600000;418.15187888
0.79800000;418.98721337
0.80000000;419.83829072
0.80200000;420.63313146
0.80400000;421.43666160
0.80600000;422.19638735
0.80800000;422.97953226
0.81000000;423.73725524
0.81200000;424.50565752
0.81400000;425.24565557
0.81600000;425.96402024
0.81800000;426.73433794
0.82000000;427.64143945
0.82200000;428.63990915
0.82400000;429.62992707
0.82600000;430.68628640
0.82800000;431.91874666
0.83000000;433.22033234
0.83200000;434.41334849
0.83400000;435.52289058
0.83600000;436.72031420
0.83800000;438.26940963
0.84000000;439.87017351
0.84200000;441.22689360
0.84400000;442.38110553
0.84600000;443.42265691
0.84800000;444.40453671
0.85000000;445.33620834
0.85200000;446.37148025
0.85400000;447.49929924
0.85600000;448.54965682
0.85800000;449.54102824
0.86000000;450.49780283
0.86200000;451.50017722
0.86400000;452.48746361
0.86600000;453.41326592
0.86800000;454.31630524
0.87000000;455.20627654
0.87200000;456.02733281
0.87400000;456.84137195
0.87600000;457.63480216
0.87800000;458.40844159
0.88000000;459.18241298
0.88200000;459.91296897
0.88400000;460.64625078
0.88600000;461.37339917
0.88800000;462.08168072
0.89000000;462.78587665
0.89200000;463.50264785
0.89400000;464.17632949
0.89600000;464.86321796
0.89800000;465.55060916
0.90000000;466.22292947
0.90200000;466.91012466
0.90400000;467.55953229
0.90600000;468.22232176
0.90800000;468.88355571
0.91000000;469.55920551
0.91200000;470.19373279
0.91400000;470.84474976
0.91600000;471.49645280
0.91800000;472.15443727
0.92000000;472.79301715
0.92200000;473.44320739
0.92400000;474.09151312
0.92600000;474.74113371
0.92800000;475.40652577
0.93000000;476.03847988
0.93200000;476.68635914
0.93400000;477.33937486
0.93600000;477.98097055
0.93800000;478.62710559
0.94000000;479.27307500
0.94200000;479.91828429
0.94400000;480.56446481
0.94600000;481.20887100
0.94800000;481.85116263
0.95000000;482.49445606
0.95200000;483.14037232
0.95400000;483.77436159
0.95600000;484.41442171
0.95800000;485.04896489
0.96000000;485.69756539
0.96200000;486.31477000
0.96400000;486.95421975
0.96600000;487.64061181
0.96800000;488.39231203
0.97000000;489.18891216
0.97200000;490.07655209
0.97400000;490.95960673
0.97600000;491.87695289
0.97800000;492.99325066
0.98000000;494.61407499
0.98200000;496.49905392
0.98400000;497.98265038
0.98600000;499.26337617
0.98800000;500.40355310
0.99000000;501.43758312
0.99200000;502.39393720
0.99400000;503.33329039
0.99600000;504.19397051
0.99800000;505.06252437
1.00000000;505.82000732
