0.00147320;0.13200000;202.00000000
0.00705611;0.55200000;206.00000000
0.01285258;0.98000000;210.00000000
0.01883371;1.41200000;214.00000000
0.02489088;1.84500000;218.00000000
0.03105137;2.27500000;222.00000000
0.03713933;2.70000000;210.00000000
0.04268215;3.13000000;187.00000000
0.04753122;3.55500000;165.00000000
0.05176040;3.96700000;151.00000000
0.05584594;4.40000000;142.00000000
0.05974597;4.82700000;138.00000000
0.06354020;5.25500000;136.00000000
0.06736792;5.68500000;134.00000000
0.07112367;6.10700000;141.00000000
0.07513452;6.53700000;144.00000000
0.07910970;6.96500000;145.00000000
0.08312050;7.38200000;151.00000000
0.08749628;7.81500000;158.00000000
0.09190529;8.23700000;164.00000000
0.09646535;8.65700000;171.00000000
0.10131630;9.08500000;177.00000000
0.10649430;9.52700000;183.00000000
0.11185440;9.97000000;190.00000000
0.11736090;10.41000000;194.00000000
0.12276020;10.83500000;198.00000000
0.12837300;11.26500000;202.00000000
0.13398840;11.68700000;207.00000000
0.13982270;12.11700000;211.00000000
0.14558450;12.53700000;213.00000000
0.15163710;12.97200000;217.00000000
0.15739860;13.39500000;201.00000000
0.16250360;13.81200000;175.00000000
0.16713460;14.24500000;155.00000000
0.17129150;14.68000000;139.00000000
0.17501040;15.10700000;131.00000000
0.17869410;15.53700000;130.00000000
0.18244980;15.97700000;133.00000000
0.18631480;16.41000000;137.00000000
0.19014320;16.83500000;143.00000000
0.19426440;17.26700000;150.00000000
0.19842050;17.69000000;152.00000000
0.20283290;18.13200000;153.00000000
0.20702670;18.56500000;149.00000000
0.21147560;19.02000000;153.00000000
0.21599460;19.46000000;160.00000000
0.22069800;19.90500000;167.00000000
0.22548570;20.33700000;173.00000000
0.23058330;20.78000000;180.00000000
0.23583330;21.22200000;186.00000000
0.24082920;21.63200000;191.00000000
0.24626230;22.06500000;195.00000000
0.25195080;22.51000000;199.00000000
0.25756650;22.94000000;203.00000000
0.26340040;23.37700000;207.00000000
0.26916220;23.80200000;211.00000000
0.27506940;24.23000000;215.00000000
0.28094000;24.64700000;218.00000000
0.28699300;25.07000000;222.00000000
0.29344650;25.51500000;226.00000000
0.29972340;25.94000000;225.00000000
0.30577230;26.37500000;206.00000000
0.31164340;26.82000000;202.00000000
0.31722210;27.24700000;200.00000000
0.32280120;27.68200000;197.00000000
0.32823440;28.10700000;196.00000000
0.33377700;28.55000000;193.00000000
0.33921020;28.98000000;197.00000000
0.34467990;29.40200000;200.00000000
0.35025890;29.83000000;203.00000000
0.35594760;30.26500000;194.00000000
0.36105240;30.69500000;172.00000000
0.36557390;31.12700000;150.00000000
0.36954870;31.56000000;131.00000000
0.37293990;31.99000000;114.00000000
0.37600260;32.42000000;103.00000000
0.37892140;32.87000000;95.00000000
0.38154540;33.31500000;89.00000000
0.38409830;33.76200000;86.00000000
0.38668610;34.22200000;86.00000000
0.38923800;34.66000000;91.00000000
0.39186450;35.11000000;86.00000000
0.39441550;35.56000000;89.00000000
0.39704300;36.00000000;95.00000000
0.39973900;36.43500000;99.00000000
0.40265850;36.86200000;111.00000000
0.40597640;37.30000000;120.00000000
0.40936800;37.71700000;129.00000000
0.41326880;38.16000000;139.00000000
0.41728010;38.58700000;149.00000000
0.42154650;39.01700000;156.00000000
0.42599520;39.44700000;163.00000000
0.43007840;39.88500000;169.00000000
0.43558540;40.31500000;176.00000000
0.44021640;40.74500000;182.00000000
0.44506600;41.17500000;187.00000000
0.44991670;41.60000000;188.00000000
0.45593250;42.02700000;187.00000000
0.46081870;42.45700000;191.00000000
0.46563210;42.89000000;175.00000000
0.47099230;43.32000000;151.00000000
0.47474750;43.75700000;136.00000000
0.47817490;44.18200000;124.00000000
0.48171590;44.61000000;102.00000000
0.48430110;45.03700000;92.00000000
0.48663520;45.46700000;85.00000000
0.48885860;45.89500000;89.00000000
0.49181330;46.32200000;94.00000000
0.49440190;46.75500000;104.00000000
0.49713660;47.18500000;113.00000000
0.50092900;47.61700000;119.00000000
0.50410140;48.05000000;126.00000000
0.50745620;48.47700000;133.00000000
0.51194110;48.91700000;143.00000000
0.51580730;49.34000000;150.00000000
0.51970350;49.78000000;156.00000000
0.52495920;50.22000000;163.00000000
0.52933470;50.66700000;169.00000000
0.53385640;51.10000000;175.00000000
0.53943560;51.54200000;182.00000000
0.54428570;51.96200000;188.00000000
0.54924920;52.40000000;192.00000000
0.55569770;52.82500000;198.00000000
0.56087450;53.25500000;202.00000000
0.56605470;53.67500000;206.00000000
0.57148760;54.10500000;210.00000000
0.57852530;54.54000000;214.00000000
0.58373960;54.96700000;189.00000000
0.58836940;55.40000000;168.00000000
0.59337090;55.83500000;144.00000000
0.59683240;56.26000000;125.00000000
0.59993050;56.69700000;109.00000000
0.60332120;57.12200000;96.00000000
0.60579820;57.55500000;94.00000000
0.60824510;57.98700000;93.00000000
0.61141180;58.41500000;104.00000000
0.61393310;58.85000000;87.00000000
0.61611920;59.27700000;80.00000000
0.61823120;59.70700000;82.00000000
0.62107800;60.14000000;87.00000000
0.62344820;60.57000000;97.00000000
0.62614690;61.00500000;107.00000000
0.62979320;61.43200000;120.00000000
0.63307460;61.86000000;128.00000000
0.63628350;62.30500000;122.00000000
0.64004000;62.72700000;111.00000000
0.64292040;63.15500000;110.00000000
0.64587280;63.58200000;117.00000000
0.64948400;64.01500000;112.00000000
0.65251030;64.44500000;120.00000000
0.65579200;64.86700000;128.00000000
0.65921960;65.30000000;136.00000000
0.66377770;65.73000000;146.00000000
0.66764300;66.16000000;154.00000000
0.67172700;66.59000000;159.00000000
0.67712360;67.02200000;167.00000000
0.68153590;67.45200000;172.00000000
0.68605760;67.88500000;177.00000000
0.69181880;68.31500000;183.00000000
0.69663210;68.74500000;187.00000000
0.70151830;69.17500000;189.00000000
0.70771720;69.61500000;193.00000000
0.71285890;70.03700000;196.00000000
0.71807300;70.47200000;200.00000000
0.72445440;70.91200000;204.00000000
0.72992410;71.33700000;208.00000000
0.73619590;71.78000000;212.00000000
0.74239510;72.22500000;216.00000000
0.74833820;72.64500000;219.00000000
0.75453760;73.08000000;222.00000000
0.76084590;73.51500000;225.00000000
0.76708130;73.94200000;221.00000000
0.77284230;74.37000000;195.00000000
0.77802170;74.80200000;175.00000000
0.78276010;75.22200000;171.00000000
0.78742860;75.65500000;160.00000000
0.79176840;76.08700000;149.00000000
0.79577780;76.51500000;142.00000000
0.79979020;76.94700000;141.00000000
0.80372820;77.37700000;142.00000000
0.80777540;77.80700000;149.00000000
0.81204180;78.24000000;153.00000000
0.81641760;78.67200000;158.00000000
0.82075690;79.08700000;164.00000000
0.82549730;79.52700000;170.00000000
0.83045640;79.96700000;176.00000000
0.83548860;80.40000000;182.00000000
0.84063000;80.83000000;188.00000000
0.84595380;81.26000000;192.00000000
0.85138530;81.69000000;196.00000000
0.85692980;82.12000000;200.00000000
0.86258160;82.55000000;204.00000000
0.86834270;82.98000000;208.00000000
0.87421420;83.41000000;212.00000000
0.88023050;83.84200000;216.00000000
0.88635490;84.27500000;220.00000000
0.89255520;84.70700000;219.00000000
0.89842460;85.14200000;196.00000000
0.90349610;85.56700000;173.00000000
0.90801710;86.00000000;150.00000000
0.91195450;86.43000000;130.00000000
0.91534510;86.86200000;113.00000000
0.91829970;87.29200000;98.00000000
0.92103360;87.72200000;96.00000000
0.92369660;88.14500000;98.00000000
0.92646670;88.57500000;99.00000000
0.92923770;89.00500000;99.00000000
0.93193660;89.43500000;97.00000000
0.93467120;89.86000000;104.00000000
0.93791770;90.31000000;117.00000000
0.94152670;90.75700000;128.00000000
0.94520960;91.18200000;138.00000000
0.94922110;91.61200000;147.00000000
0.95348730;92.04500000;154.00000000
0.95782610;92.47500000;159.00000000
0.96238430;92.90700000;165.00000000
0.96727060;93.35200000;171.00000000
0.97215690;93.78700000;177.00000000
0.97729840;94.22700000;183.00000000
0.98258580;94.66200000;189.00000000
0.98790370;95.09200000;193.00000000
0.99345440;95.52700000;197.00000000
0.99921450;95.97200000;202.00000000
