0.00034549;0.04500000;198.00000000
0.00585251;0.47000000;202.00000000
0.01146670;0.89500000;206.00000000
0.01708473;1.31200000;209.00000000
0.02284669;1.73000000;213.00000000
0.02875663;2.15500000;216.00000000
0.03462397;2.57000000;218.00000000
0.04053131;3.01000000;196.00000000
0.04559976;3.43200000;174.00000000
0.05030115;3.86700000;157.00000000
0.05449788;4.29700000;145.00000000
0.05850669;4.72700000;141.00000000
0.06240918;5.15700000;138.00000000
0.06623804;5.58700000;137.00000000
0.07013877;6.02000000;139.00000000
0.07411364;6.45200000;143.00000000
0.07808899;6.88200000;144.00000000
0.08213603;7.31200000;147.00000000
0.08640234;7.74500000;153.00000000
0.09074146;8.17200000;159.00000000
0.09515194;8.59200000;165.00000000
0.09967636;9.00700000;170.00000000
0.10456170;9.44000000;176.00000000
0.10959370;9.87200000;182.00000000
0.11477100;10.30500000;187.00000000
0.12013560;10.74200000;192.00000000
0.12545500;11.16500000;196.00000000
0.13103470;11.59700000;200.00000000
0.13668670;12.03000000;203.00000000
0.14241160;12.45700000;207.00000000
0.14831910;12.89500000;211.00000000
0.15418970;13.32200000;209.00000000
0.15976880;13.75200000;187.00000000
0.16469140;14.18500000;166.00000000
0.16910370;14.61500000;148.00000000
0.17311490;15.05200000;135.00000000
0.17679760;15.47700000;131.00000000
0.18051690;15.91000000;132.00000000
0.18430940;16.34200000;135.00000000
0.18817420;16.77200000;138.00000000
0.19222250;17.21200000;145.00000000
0.19626960;17.63200000;149.00000000
0.20049930;18.06700000;151.00000000
0.20480230;18.50500000;150.00000000
0.20899570;18.93700000;147.00000000
0.21326300;19.37500000;153.00000000
0.21763050;19.80200000;159.00000000
0.22212270;20.23200000;164.00000000
0.22683340;20.66500000;170.00000000
0.23171260;21.09700000;176.00000000
0.23685450;21.54200000;181.00000000
0.24185030;21.96200000;186.00000000
0.24695510;22.38000000;190.00000000
0.25260720;22.83000000;195.00000000
0.25807690;23.25700000;199.00000000
0.26369210;23.68700000;202.00000000
0.26934460;24.11500000;206.00000000
0.27496000;24.53000000;209.00000000
0.28083070;24.96000000;213.00000000
0.28677420;25.38500000;216.00000000
0.29293540;25.82000000;220.00000000
0.29895850;26.24000000;223.00000000
0.30489720;26.66700000;205.00000000
0.31073160;27.11200000;200.00000000
0.31649280;27.56000000;197.00000000
0.32207190;27.99500000;196.00000000
0.32765090;28.43500000;195.00000000
0.33308410;28.86700000;194.00000000
0.33869960;29.31000000;197.00000000
0.34420580;29.73500000;200.00000000
0.34989430;30.17000000;203.00000000
0.35550990;30.60500000;192.00000000
0.36057840;31.03200000;173.00000000
0.36520930;31.47000000;153.00000000
0.36922050;31.89700000;135.00000000
0.37272110;32.33000000;115.00000000
0.37589320;32.76700000;105.00000000
0.37877530;33.20700000;96.00000000
0.38132700;33.62700000;90.00000000
0.38373410;34.04000000;87.00000000
0.38624820;34.47700000;87.00000000
0.38880160;34.90700000;90.00000000
0.39142690;35.33700000;93.00000000
0.39408790;35.76700000;95.00000000
0.39678790;36.20000000;96.00000000
0.39955670;36.63000000;104.00000000
0.40262200;37.06000000;114.00000000
0.40590350;37.49000000;121.00000000
0.40947740;37.92700000;129.00000000
0.41312300;38.34500000;138.00000000
0.41706130;38.77200000;146.00000000
0.42056200;39.21000000;152.00000000
0.42555760;39.64000000;160.00000000
0.42982340;40.07000000;165.00000000
0.43416280;40.50200000;170.00000000
0.43988820;40.93200000;177.00000000
0.44440930;41.35200000;181.00000000
0.44918770;41.78200000;183.00000000
0.45392700;42.22000000;183.00000000
0.45987060;42.65200000;187.00000000
0.46475690;43.08000000;176.00000000
0.46913260;43.51200000;158.00000000
0.47394580;43.96000000;139.00000000
0.47737280;44.38200000;126.00000000
0.48051070;44.81000000;109.00000000
0.48379080;45.24000000;92.00000000
0.48612460;45.67200000;84.00000000
0.48834820;46.10200000;86.00000000
0.49130330;46.53500000;94.00000000
0.49385480;46.96500000;104.00000000
0.49658980;47.39700000;112.00000000
0.50038210;47.82700000;118.00000000
0.50355450;48.26700000;125.00000000
0.50694570;48.69000000;132.00000000
0.51124820;49.14000000;139.00000000
0.51500480;49.56000000;146.00000000
0.51890230;49.99700000;152.00000000
0.52386420;50.42200000;159.00000000
0.52813130;50.85700000;164.00000000
0.53250720;51.29200000;169.00000000
0.53691940;51.71700000;174.00000000
0.54278900;52.15000000;181.00000000
0.54757060;52.58000000;186.00000000
0.55234370;53.01500000;191.00000000
0.55872370;53.45000000;197.00000000
0.56383090;53.87700000;200.00000000
0.56908110;54.30700000;204.00000000
0.57579050;54.74200000;209.00000000
0.58115070;55.17200000;197.00000000
0.58596410;55.60000000;177.00000000
0.59143410;56.03000000;154.00000000
0.59515580;56.45500000;137.00000000
0.59847340;56.89500000;120.00000000
0.60208120;57.33000000;101.00000000
0.60459820;57.75500000;95.00000000
0.60718710;58.19000000;97.00000000
0.61043320;58.63500000;104.00000000
0.61305700;59.07200000;94.00000000
0.61531700;59.49700000;83.00000000
0.61808560;59.92700000;83.00000000
0.62031170;60.36500000;88.00000000
0.62271900;60.78200000;97.00000000
0.62538090;61.21200000;107.00000000
0.62910030;61.64200000;118.00000000
0.63227240;62.07500000;126.00000000
0.63559100;62.50500000;124.00000000
0.63941970;62.94700000;113.00000000
0.64237350;63.37500000;114.00000000
0.64536270;63.80700000;111.00000000
0.64890030;64.23700000;115.00000000
0.65196380;64.66700000;120.00000000
0.65520860;65.09700000;126.00000000
0.65954790;65.53200000;135.00000000
0.66308490;65.95500000;142.00000000
0.66680430;66.38500000;148.00000000
0.67077890;66.81500000;155.00000000
0.67602970;67.25000000;161.00000000
0.68018660;67.68200000;166.00000000
0.68572940;68.12700000;172.00000000
0.69032350;68.57000000;176.00000000
0.69488200;69.01000000;179.00000000
0.70075250;69.44200000;184.00000000
0.70552940;69.87500000;187.00000000
0.71169200;70.32500000;192.00000000
0.71665100;70.75200000;195.00000000
0.72186550;71.18700000;199.00000000
0.72704340;71.62000000;202.00000000
0.73364330;72.05000000;206.00000000
0.73987880;72.48200000;210.00000000
0.74578600;72.91200000;213.00000000
0.75187610;73.34700000;216.00000000
0.75796520;73.78000000;219.00000000
0.76423700;74.22000000;220.00000000
0.77025370;74.65700000;202.00000000
0.77561590;75.08700000;183.00000000
0.78064390;75.53000000;169.00000000
0.78520350;75.96200000;156.00000000
0.78943430;76.39000000;150.00000000
0.79359030;76.82200000;145.00000000
0.79752900;77.24700000;143.00000000
0.80161310;77.68700000;141.00000000
0.80566070;78.12500000;144.00000000
0.80989020;78.56700000;149.00000000
0.81419340;79.00500000;153.00000000
0.81853240;79.43500000;158.00000000
0.82301780;79.86500000;163.00000000
0.82761220;80.29200000;168.00000000
0.83235280;80.72200000;173.00000000
0.83727520;81.15200000;179.00000000
0.84234420;81.58200000;184.00000000
0.84766810;82.02000000;189.00000000
0.85295440;82.44500000;194.00000000
0.85849790;82.88000000;197.00000000
0.86414940;83.31700000;201.00000000
0.86983790;83.74700000;205.00000000
0.87574710;84.18700000;209.00000000
0.88154110;84.61200000;212.00000000
0.88752270;85.04200000;216.00000000
0.89357630;85.47700000;207.00000000
0.89911780;85.90700000;188.00000000
0.90411720;86.34200000;167.00000000
0.90849060;86.77000000;147.00000000
0.91231910;87.20000000;129.00000000
0.91578290;87.64200000;112.00000000
0.91888230;88.09200000;98.00000000
0.92169030;88.53700000;97.00000000
0.92449840;88.97000000;100.00000000
0.92723210;89.39700000;96.00000000
0.92993030;89.83200000;97.00000000
0.93277510;90.26500000;106.00000000
0.93583830;90.69000000;114.00000000
0.93922980;91.13200000;121.00000000
0.94280270;91.56700000;130.00000000
0.94666830;92.00500000;139.00000000
0.95064460;92.43000000;146.00000000
0.95479470;92.85700000;152.00000000
0.95932320;93.30500000;158.00000000
0.96387930;93.74000000;163.00000000
0.96865620;94.18200000;168.00000000
0.97357900;94.62500000;174.00000000
0.97857480;95.06000000;179.00000000
0.98360840;95.48500000;185.00000000
0.98885290;95.91700000;190.00000000
0.99422210;96.34700000;195.00000000
0.99972600;96.77700000;198.00000000
