0.00027275;0.04000000;169.00000000
0.00490214;0.46000000;172.00000000
0.00997166;0.90700000;175.00000000
0.01511499;1.35500000;179.00000000
0.02000027;1.77200000;181.00000000
0.02485439;2.18200000;184.00000000
0.03006772;2.61500000;187.00000000
0.03546267;3.05700000;189.00000000
0.04042185;3.47700000;173.00000000
0.04519863;3.92500000;156.00000000
0.04953485;4.37200000;142.00000000
0.05333025;4.79700000;133.00000000
0.05704881;5.23500000;128.00000000
0.06047584;5.65000000;126.00000000
0.06405090;6.09200000;122.00000000
0.06744082;6.51700000;122.00000000
0.07097775;6.95200000;125.00000000
0.07440522;7.37000000;127.00000000
0.07805251;7.80700000;129.00000000
0.08180789;8.25200000;132.00000000
0.08567304;8.69200000;136.00000000
0.08957509;9.12700000;140.00000000
0.09369080;9.57200000;143.00000000
0.09781554;10.01000000;147.00000000
0.10186330;10.42700000;151.00000000
0.10631200;10.87500000;155.00000000
0.11054180;11.29000000;158.00000000
0.11491670;11.71000000;162.00000000
0.11944100;12.13500000;165.00000000
0.12425390;12.57700000;168.00000000
0.12906580;13.01200000;172.00000000
0.13395190;13.44700000;175.00000000
0.13894750;13.88200000;178.00000000
0.14390680;14.31000000;181.00000000
0.14904820;14.74500000;184.00000000
0.15404390;15.16000000;185.00000000
0.15911240;15.60000000;167.00000000
0.16359750;16.03500000;152.00000000
0.16779100;16.47700000;137.00000000
0.17143740;16.90700000;126.00000000
0.17471890;17.32000000;119.00000000
0.17796470;17.73700000;118.00000000
0.18135570;18.17500000;119.00000000
0.18471050;18.60200000;120.00000000
0.18821070;19.04500000;122.00000000
0.19171180;19.48000000;126.00000000
0.19535820;19.92000000;129.00000000
0.19907710;20.35500000;131.00000000
0.20294230;20.80500000;133.00000000
0.20673500;21.24700000;131.00000000
0.21049080;21.68200000;133.00000000
0.21431740;22.11700000;137.00000000
0.21817420;22.54500000;140.00000000
0.22219570;22.98000000;143.00000000
0.22636340;23.42200000;147.00000000
0.23083840;23.88200000;151.00000000
0.23514060;24.31700000;154.00000000
0.23966240;24.76200000;158.00000000
0.24414740;25.19200000;161.00000000
0.24888760;25.64000000;165.00000000
0.25362830;26.08000000;168.00000000
0.25844150;26.51700000;171.00000000
0.26321800;26.94200000;174.00000000
0.26832340;27.39200000;177.00000000
0.27357430;27.84500000;179.00000000
0.27857010;28.27000000;182.00000000
0.28385690;28.71200000;185.00000000
0.28939980;29.17000000;188.00000000
0.29487020;29.61700000;190.00000000
0.30034170;30.05700000;188.00000000
0.30540770;30.49000000;174.00000000
0.31051270;30.94700000;170.00000000
0.31510740;31.36700000;168.00000000
0.31962870;31.78000000;167.00000000
0.32451500;32.23200000;167.00000000
0.32914600;32.66500000;165.00000000
0.33395930;33.11500000;166.00000000
0.33880900;33.56200000;168.00000000
0.34344000;33.98200000;170.00000000
0.34825330;34.41700000;172.00000000
0.35317600;34.85500000;173.00000000
0.35820810;35.30500000;167.00000000
0.36269340;35.74000000;151.00000000
0.36681370;36.18700000;133.00000000
0.37035110;36.62200000;117.00000000
0.37348690;37.05700000;105.00000000
0.37636730;37.50000000;96.00000000
0.37892140;37.92000000;89.00000000
0.38129070;38.34000000;83.00000000
0.38358820;38.77200000;80.00000000
0.38588320;39.21000000;79.00000000
0.38818200;39.63700000;82.00000000
0.39051450;40.05700000;83.00000000
0.39303200;40.51700000;84.00000000
0.39554720;40.96200000;85.00000000
0.39788120;41.38500000;86.00000000
0.40035890;41.81500000;91.00000000
0.40302260;42.24500000;97.00000000
0.40593990;42.69200000;103.00000000
0.40889400;43.12000000;109.00000000
0.41199260;43.54700000;115.00000000
0.41545680;43.99700000;121.00000000
0.41895750;44.43500000;126.00000000
0.42256750;44.86700000;131.00000000
0.42643280;45.30700000;136.00000000
0.43029690;45.74000000;140.00000000
0.43434520;46.17500000;144.00000000
0.43835690;46.60000000;147.00000000
0.44218510;47.02700000;151.00000000
0.44623310;47.44700000;154.00000000
0.45115590;47.89200000;156.00000000
0.45534910;48.33200000;156.00000000
0.45932370;48.75700000;159.00000000
0.46358990;49.17500000;162.00000000
0.46865860;49.60500000;147.00000000
0.47223250;50.03000000;135.00000000
0.47558580;50.47500000;125.00000000
0.47945170;50.92200000;107.00000000
0.48197130;51.36200000;92.00000000
0.48484810;51.81200000;82.00000000
0.48692670;52.24700000;76.00000000
0.48893160;52.66500000;75.00000000
0.49144900;53.11000000;80.00000000
0.49356300;53.53700000;85.00000000
0.49586060;53.97200000;90.00000000
0.49892350;54.41200000;94.00000000
0.50136650;54.84000000;99.00000000
0.50402840;55.28500000;103.00000000
0.50738320;55.71200000;108.00000000
0.51026370;56.12700000;113.00000000
0.51329050;56.57500000;117.00000000
0.51715530;57.01700000;122.00000000
0.52050550;57.45200000;127.00000000
0.52463070;57.89500000;132.00000000
0.52813130;58.32200000;136.00000000
0.53177790;58.78000000;139.00000000
0.53633590;59.22500000;143.00000000
0.54001900;59.67000000;147.00000000
0.54490630;60.11200000;152.00000000
0.54903050;60.54700000;155.00000000
0.55303600;60.98000000;159.00000000
0.55832210;61.42500000;163.00000000
0.56262680;61.86700000;167.00000000
0.56809660;62.30500000;171.00000000
0.57254510;62.74500000;174.00000000
0.57819710;63.19200000;178.00000000
0.58304690;63.63000000;175.00000000
0.58731280;64.06200000;158.00000000
0.59121550;64.48500000;142.00000000
0.59548410;64.91500000;123.00000000
0.59847340;65.35000000;109.00000000
0.60120620;65.79200000;96.00000000
0.60419740;66.23200000;89.00000000
0.60652940;66.66500000;88.00000000
0.60882710;67.08700000;89.00000000
0.61188710;67.50700000;94.00000000
0.61418800;67.92500000;81.00000000
0.61619200;68.38200000;75.00000000
0.61877840;68.80700000;77.00000000
0.62085900;69.23000000;81.00000000
0.62297410;69.66700000;87.00000000
0.62592800;70.09700000;92.00000000
0.62848050;70.53200000;97.00000000
0.63099660;70.96700000;102.00000000
0.63373110;71.38700000;107.00000000
0.63726750;71.80000000;107.00000000
0.63996700;72.21200000;103.00000000
0.64266520;72.64000000;104.00000000
0.64536270;73.08700000;102.00000000
0.64882740;73.53000000;105.00000000
0.65163610;73.96700000;109.00000000
0.65520860;74.42500000;113.00000000
0.65827160;74.86000000;118.00000000
0.66206390;75.29500000;123.00000000
0.66534570;75.74200000;127.00000000
0.66880980;76.15500000;132.00000000
0.67223750;76.59200000;135.00000000
0.67664960;77.02700000;140.00000000
0.68040540;77.44700000;142.00000000
0.68419790;77.87700000;145.00000000
0.68886500;78.29500000;148.00000000
0.69273050;78.71700000;151.00000000
0.69666860;79.17500000;153.00000000
0.70184650;79.61200000;155.00000000
0.70589400;80.05500000;157.00000000
0.70994140;80.49200000;160.00000000
0.71519260;80.92200000;163.00000000
0.71953170;81.34200000;166.00000000
0.72383450;81.78500000;169.00000000
0.72930420;82.21500000;172.00000000
0.73397150;82.66000000;175.00000000
0.73947770;83.08700000;178.00000000
0.74465560;83.53200000;181.00000000
0.74987010;83.97200000;183.00000000
0.75541260;84.43500000;185.00000000
0.76051770;84.85700000;187.00000000
0.76562270;85.27500000;189.00000000
0.77087360;85.71200000;176.00000000
0.77561590;86.14700000;160.00000000
0.77973440;86.55700000;151.00000000
0.78396520;86.98700000;150.00000000
0.78804870;87.41700000;142.00000000
0.79198690;87.85700000;134.00000000
0.79566830;88.29000000;129.00000000
0.79924350;88.72200000;127.00000000
0.80310820;89.19000000;126.00000000
0.80668170;89.62000000;129.00000000
0.81025480;90.04200000;132.00000000
0.81393820;90.46700000;134.00000000
0.81780320;90.90700000;137.00000000
0.82159560;91.33000000;140.00000000
0.82553380;91.75700000;143.00000000
0.82976360;92.20700000;147.00000000
0.83395710;92.64000000;151.00000000
0.83833260;93.08000000;155.00000000
0.84267230;93.50500000;158.00000000
0.84726650;93.94700000;162.00000000
0.85185920;94.38200000;165.00000000
0.85638230;94.80000000;168.00000000
0.86137830;95.25200000;170.00000000
0.86611760;95.67700000;173.00000000
0.87104270;96.11000000;176.00000000
0.87611170;96.55000000;179.00000000
0.88146840;97.00700000;182.00000000
0.88679270;97.45200000;185.00000000
0.89219060;97.90000000;187.00000000
0.89747780;98.34200000;177.00000000
0.90243860;98.79500000;160.00000000
0.90695990;99.25700000;140.00000000
0.91075100;99.70500000;121.00000000
0.91395970;100.14000000;106.00000000
0.91669490;100.56500000;94.00000000
0.91942840;101.02000000;88.00000000
0.92198220;101.46000000;89.00000000
0.92449840;101.88700000;90.00000000
0.92712280;102.33200000;88.00000000
0.92963860;102.76700000;90.00000000
0.93219190;103.19000000;95.00000000
0.93499950;103.62700000;102.00000000
0.93806360;104.07500000;107.00000000
0.94134440;104.53000000;114.00000000
0.94477200;104.97700000;120.00000000
0.94819970;105.40200000;125.00000000
0.95170440;105.82500000;129.00000000
0.95537950;106.25500000;132.00000000
0.95928670;106.70200000;136.00000000
0.96333240;107.15500000;140.00000000
0.96727060;107.58200000;142.00000000
0.97142760;108.02500000;146.00000000
0.97543870;108.44200000;150.00000000
0.97985090;108.88700000;154.00000000
0.98430030;109.32700000;158.00000000
0.98899920;109.78200000;161.00000000
0.99363730;110.22000000;165.00000000
0.99844800;110.66200000;168.00000000
