0.00117007;0.00000000;206.00000000
0.00582305;0.45500000;211.00000000
0.01056637;0.91000000;216.00000000
0.01521422;1.34700000;220.00000000
0.02005613;1.79500000;225.00000000
0.02511357;2.25000000;229.00000000
0.03024787;2.70700000;233.00000000
0.03502963;3.12500000;236.00000000
0.04035895;3.58500000;240.00000000
0.04572461;4.04000000;243.00000000
0.05100928;4.48200000;246.00000000
0.05628559;4.92000000;249.00000000
0.06194072;5.38200000;252.00000000
0.06761127;5.84000000;255.00000000
0.07335426;6.30000000;257.00000000
0.07906616;6.75500000;254.00000000
0.08431536;7.19700000;232.00000000
0.08929702;7.66200000;208.00000000
0.09354568;8.10200000;187.00000000
0.09724037;8.53500000;166.00000000
0.10074460;8.99700000;146.00000000
0.10378670;9.44700000;130.00000000
0.10647010;9.89000000;119.00000000
0.10904470;10.34500000;111.00000000
0.11145530;10.79200000;106.00000000
0.11389060;11.24700000;112.00000000
0.11641170;11.69500000;119.00000000
0.11912280;12.14200000;128.00000000
0.12216370;12.60700000;138.00000000
0.12531700;13.06500000;140.00000000
0.12832460;13.51700000;133.00000000
0.13111830;13.95500000;130.00000000
0.13402150;14.41500000;130.00000000
0.13692500;14.85700000;140.00000000
0.14004840;15.30000000;148.00000000
0.14344010;15.75500000;155.00000000
0.14697550;16.21200000;162.00000000
0.15067650;16.67000000;170.00000000
0.15448050;17.11700000;177.00000000
0.15839680;17.56200000;184.00000000
0.16253240;18.01500000;190.00000000
0.16661310;18.44700000;196.00000000
0.17085820;18.88500000;201.00000000
0.17529510;19.33200000;206.00000000
0.17989630;19.78500000;211.00000000
0.18457960;20.23500000;215.00000000
0.18934500;20.68500000;220.00000000
0.19413770;21.12700000;224.00000000
0.19890380;21.56000000;228.00000000
0.20380550;22.00200000;222.00000000
0.20843340;22.45200000;200.00000000
0.21248820;22.89000000;179.00000000
0.21613180;23.33200000;159.00000000
0.21928030;23.76000000;143.00000000
0.22237510;24.23000000;127.00000000
0.22503340;24.67200000;117.00000000
0.22752300;25.11000000;115.00000000
0.23004350;25.55500000;116.00000000
0.23256190;25.99000000;120.00000000
0.23524600;26.43500000;122.00000000
0.23765720;26.87000000;105.00000000
0.23984990;27.32000000;94.00000000
0.24192780;27.78000000;89.00000000
0.24398300;28.23500000;92.00000000
0.24598350;28.66500000;96.00000000
0.24814670;29.11000000;103.00000000
0.25047390;29.55500000;111.00000000
0.25290850;29.99200000;114.00000000
0.25521260;30.43000000;99.00000000
0.25715940;30.86500000;85.00000000
0.25894010;31.31000000;76.00000000
0.26058050;31.74200000;77.00000000
0.26225270;32.16700000;80.00000000
0.26408550;32.62500000;81.00000000
0.26583510;33.06200000;82.00000000
0.26769690;33.50700000;88.00000000
0.26961720;33.93700000;94.00000000
0.27169970;34.36700000;106.00000000
0.27405600;34.80000000;116.00000000
0.27657540;35.22700000;118.00000000
0.27901320;35.66200000;111.00000000
0.28139500;36.10200000;108.00000000
0.28377810;36.55700000;106.00000000
0.28618760;37.01000000;110.00000000
0.28865270;37.46500000;113.00000000
0.29108960;37.89000000;119.00000000
0.29377350;38.34000000;126.00000000
0.29662150;38.79000000;133.00000000
0.29949800;39.22500000;139.00000000
0.30264680;39.68200000;145.00000000
0.30598830;40.14000000;153.00000000
0.30944130;40.59200000;160.00000000
0.31306190;41.04500000;166.00000000
0.31682350;41.50000000;173.00000000
0.32066320;41.94500000;179.00000000
0.32466890;42.40700000;175.00000000
0.32855640;42.86000000;176.00000000
0.33244850;43.30700000;181.00000000
0.33656320;43.76500000;187.00000000
0.34068240;44.21000000;192.00000000
0.34504550;44.67000000;197.00000000
0.34955050;45.13200000;202.00000000
0.35408670;45.58500000;207.00000000
0.35868260;46.03700000;212.00000000
0.36332430;46.48200000;216.00000000
0.36804840;46.92500000;220.00000000
0.37293870;47.37500000;224.00000000
0.37769420;47.80700000;228.00000000
0.38266660;48.25000000;232.00000000
0.38746370;48.67200000;235.00000000
0.39264560;49.12000000;238.00000000
0.39795520;49.57200000;242.00000000
0.40310020;50.00700000;245.00000000
0.40853230;50.46000000;247.00000000
0.41408690;50.92000000;250.00000000
0.41963430;51.37200000;252.00000000
0.42532670;51.83200000;255.00000000
0.43086680;52.27700000;257.00000000
0.43676360;52.74500000;259.00000000
0.44249710;53.19700000;261.00000000
0.44822980;53.64500000;263.00000000
0.45387620;54.08200000;265.00000000
0.45958410;54.52200000;267.00000000
0.46540900;54.96700000;269.00000000
0.47137820;55.42200000;270.00000000
0.47713230;55.85700000;272.00000000
0.48301430;56.30000000;273.00000000
0.48914400;56.76000000;275.00000000
0.49511020;57.20200000;276.00000000
0.50116590;57.65200000;277.00000000
0.50715880;58.09500000;278.00000000
0.51307730;58.53000000;280.00000000
0.51913340;58.97200000;281.00000000
0.52517090;59.41200000;282.00000000
0.53128610;59.85700000;283.00000000
0.53743190;60.30200000;284.00000000
0.54386290;60.76500000;285.00000000
0.55011940;61.21500000;286.00000000
0.55615050;61.64700000;287.00000000
0.56248520;62.10000000;287.00000000
0.56876390;62.54700000;288.00000000
0.57485810;62.98000000;289.00000000
0.58124560;63.43200000;289.00000000
0.58779870;63.89700000;290.00000000
0.59416990;64.34700000;290.00000000
0.59902410;64.76200000;291.00000000
0.60604920;65.20500000;291.00000000
0.61185570;65.65200000;292.00000000
0.61883910;66.10000000;292.00000000
0.62467290;66.55000000;292.00000000
0.63168420;66.98500000;292.00000000
0.63765480;67.43700000;291.00000000
0.64433750;67.89700000;264.00000000
0.64929400;68.33700000;242.00000000
0.65379640;68.77500000;224.00000000
0.65910140;69.21700000;210.00000000
0.66307050;69.67000000;205.00000000
0.66800050;70.12500000;205.00000000
0.67199900;70.57700000;205.00000000
0.67701100;71.02500000;205.00000000
0.68098230;71.46200000;202.00000000
0.68596640;71.90700000;204.00000000
0.68996580;72.34700000;207.00000000
0.69508700;72.79200000;209.00000000
0.69914030;73.24200000;212.00000000
0.70434320;73.68500000;217.00000000
0.70875060;74.13500000;220.00000000
0.71404070;74.58500000;225.00000000
0.71839490;75.03500000;207.00000000
0.72307950;75.48200000;187.00000000
0.72666470;75.92500000;174.00000000
0.72989710;76.38000000;164.00000000
0.73381330;76.82700000;155.00000000
0.73682560;77.27200000;153.00000000
0.74060540;77.71500000;148.00000000
0.74348080;78.15200000;145.00000000
0.74695950;78.59200000;139.00000000
0.74986240;79.03000000;133.00000000
0.75282040;79.49000000;128.00000000
0.75564130;79.94200000;126.00000000
0.75835310;80.38500000;123.00000000
0.76100840;80.83200000;118.00000000
0.76352860;81.27700000;113.00000000
0.76613090;81.73700000;115.00000000
0.76860050;82.17200000;116.00000000
0.77119520;82.62000000;120.00000000
0.77390620;83.07200000;124.00000000
0.77664890;83.50700000;132.00000000
0.77960520;83.95200000;139.00000000
0.78267290;84.39700000;141.00000000
0.78584760;84.84700000;147.00000000
0.78910960;85.29500000;151.00000000
0.79253440;85.75200000;156.00000000
0.79611990;86.21000000;164.00000000
0.79976250;86.65700000;171.00000000
0.80365160;87.11500000;177.00000000
0.80751320;87.56500000;169.00000000
0.81115670;88.02500000;154.00000000
0.81447010;88.48500000;141.00000000
0.81742500;88.93700000;127.00000000
0.82002970;89.37700000;115.00000000
0.82236090;89.80700000;104.00000000
0.82452260;90.25000000;95.00000000
0.82660300;90.69700000;92.00000000
0.82862930;91.14500000;92.00000000
0.83068320;91.59500000;93.00000000
0.83276370;92.04000000;98.00000000
0.83492830;92.48000000;102.00000000
0.83700940;92.90500000;101.00000000
0.83936490;93.35500000;113.00000000
0.84196770;93.80200000;123.00000000
0.84481560;94.25200000;134.00000000
0.84796560;94.71500000;144.00000000
0.85119670;95.16000000;153.00000000
0.85464760;95.61000000;161.00000000
0.85818070;96.04700000;169.00000000
0.86193190;96.49500000;175.00000000
0.86576590;96.93200000;181.00000000
0.86976950;97.37700000;188.00000000
0.87384660;97.81500000;193.00000000
0.87809160;98.26200000;197.00000000
0.88252830;98.71700000;201.00000000
0.88688320;99.15500000;205.00000000
0.89131990;99.59500000;209.00000000
0.89564740;100.03500000;191.00000000
0.89931740;100.44700000;171.00000000
0.90290340;100.90500000;152.00000000
0.90610980;101.36500000;134.00000000
0.90898480;101.82200000;123.00000000
0.91156000;102.26500000;115.00000000
0.91405200;102.71000000;110.00000000
0.91640720;103.15500000;106.00000000
0.91878900;103.60500000;107.00000000
0.92114480;104.05000000;109.00000000
0.92355720;104.50000000;109.00000000
0.92593790;104.94700000;109.00000000
0.92834820;105.39000000;110.00000000
0.93083920;105.84500000;116.00000000
0.93347750;106.28700000;124.00000000
0.93590460;106.72000000;105.00000000
0.93809820;107.18200000;89.00000000
0.93998830;107.63500000;78.00000000
0.94160410;108.06700000;72.00000000
0.94324700;108.52200000;70.00000000
0.94483720;108.96700000;72.00000000
0.94653190;109.42500000;77.00000000
0.94833960;109.88000000;84.00000000
0.95028440;110.34700000;89.00000000
0.95236190;110.81000000;96.00000000
0.95452900;111.24200000;108.00000000
0.95697040;111.68200000;120.00000000
0.95981680;112.14700000;130.00000000
0.96271680;112.58700000;140.00000000
0.96589510;113.04000000;149.00000000
0.96912880;113.47000000;157.00000000
0.97266120;113.92200000;164.00000000
0.97630410;114.36700000;171.00000000
0.98013820;114.81500000;178.00000000
0.98410950;115.26200000;185.00000000
0.98816200;115.70500000;191.00000000
0.99231460;116.14500000;197.00000000
0.99671330;116.59700000;201.00000000
