0.00067898;0.10500000;180.00000000
0.00475072;0.56500000;183.00000000
0.00874047;1.00700000;187.00000000
0.01277124;1.44500000;190.00000000
0.01697200;1.89200000;193.00000000
0.02090358;2.30500000;196.00000000
0.02522069;2.75500000;199.00000000
0.02917624;3.16000000;201.00000000
0.03348856;3.59500000;204.00000000
0.03784554;4.03000000;207.00000000
0.04241196;4.48000000;210.00000000
0.04690207;4.91500000;212.00000000
0.05128324;5.33500000;215.00000000
0.05611956;5.79500000;217.00000000
0.06117810;6.26700000;220.00000000
0.06592809;6.70700000;222.00000000
0.07072043;7.15000000;224.00000000
0.07538712;7.57200000;226.00000000
0.08013925;8.00200000;228.00000000
0.08469789;8.41200000;226.00000000
0.08940662;8.85700000;206.00000000
0.09346358;9.28200000;186.00000000
0.09724037;9.72200000;166.00000000
0.10047090;10.14500000;147.00000000
0.10348510;10.58700000;132.00000000
0.10619620;11.02700000;120.00000000
0.10857900;11.44700000;112.00000000
0.11107180;11.91000000;107.00000000
0.11328840;12.33200000;106.00000000
0.11556280;12.76500000;111.00000000
0.11813690;13.22500000;116.00000000
0.12087560;13.69700000;122.00000000
0.12369900;14.15700000;127.00000000
0.12629760;14.57000000;130.00000000
0.12887240;14.98000000;128.00000000
0.13191260;15.46700000;127.00000000
0.13473280;15.92200000;130.00000000
0.13755520;16.35500000;135.00000000
0.14056760;16.80200000;140.00000000
0.14365950;17.24500000;145.00000000
0.14672850;17.67000000;150.00000000
0.14999110;18.10500000;155.00000000
0.15346720;18.55700000;160.00000000
0.15689040;18.99000000;164.00000000
0.16036870;19.42000000;168.00000000
0.16403860;19.86200000;172.00000000
0.16784550;20.31000000;176.00000000
0.17176190;20.76000000;180.00000000
0.17545940;21.17700000;183.00000000
0.17954020;21.63000000;187.00000000
0.18356620;22.06700000;190.00000000
0.18767430;22.50700000;193.00000000
0.19213860;22.97700000;196.00000000
0.19641110;23.42200000;199.00000000
0.20071160;23.86000000;201.00000000
0.20525720;24.32000000;204.00000000
0.20963850;24.76500000;194.00000000
0.21364000;25.21000000;174.00000000
0.21714420;25.64700000;155.00000000
0.22029390;26.09200000;137.00000000
0.22330710;26.56500000;123.00000000
0.22582570;26.99500000;115.00000000
0.22834470;27.44500000;113.00000000
0.23089270;27.89500000;116.00000000
0.23340890;28.33200000;120.00000000
0.23601300;28.77000000;117.00000000
0.23823240;29.18200000;102.00000000
0.24039760;29.64500000;91.00000000
0.24247610;30.10700000;89.00000000
0.24450370;30.56500000;90.00000000
0.24644950;30.99000000;96.00000000
0.24850260;31.42200000;97.00000000
0.25069300;31.86700000;104.00000000
0.25307200;32.31700000;112.00000000
0.25548700;32.78000000;97.00000000
0.25748710;33.23500000;83.00000000
0.25926620;33.68500000;75.00000000
0.26093650;34.13200000;77.00000000
0.26269130;34.57500000;80.00000000
0.26449570;35.03200000;79.00000000
0.26621760;35.47200000;80.00000000
0.26802660;35.91700000;86.00000000
0.26997310;36.35200000;95.00000000
0.27219370;36.81200000;103.00000000
0.27452090;37.25500000;110.00000000
0.27698650;37.69700000;116.00000000
0.27942440;38.13700000;110.00000000
0.28183340;38.59000000;106.00000000
0.28418880;39.04000000;107.00000000
0.28648880;39.47200000;110.00000000
0.28881700;39.91000000;110.00000000
0.29119910;40.34200000;116.00000000
0.29382820;40.79200000;122.00000000
0.29653930;41.24200000;126.00000000
0.29944320;41.70000000;131.00000000
0.30223610;42.12700000;136.00000000
0.30533110;42.58500000;141.00000000
0.30848140;43.03500000;146.00000000
0.31168920;43.47500000;151.00000000
0.31480850;43.89200000;155.00000000
0.31819350;44.33500000;159.00000000
0.32167930;44.78000000;162.00000000
0.32529930;45.23500000;161.00000000
0.32872090;45.66700000;164.00000000
0.33233920;46.11200000;168.00000000
0.33612330;46.57000000;172.00000000
0.33978050;47.00200000;175.00000000
0.34328850;47.41000000;178.00000000
0.34723730;47.86000000;181.00000000
0.35121150;48.30200000;185.00000000
0.35535810;48.76000000;188.00000000
0.35953390;49.21000000;191.00000000
0.36368880;49.65200000;194.00000000
0.36778080;50.08200000;196.00000000
0.37203910;50.52500000;199.00000000
0.37642500;50.97200000;201.00000000
0.38076700;51.41200000;204.00000000
0.38518320;51.85200000;206.00000000
0.38966000;52.29500000;209.00000000
0.39449610;52.76500000;211.00000000
0.39892600;53.19200000;213.00000000
0.40358400;53.63700000;216.00000000
0.40847720;54.10000000;218.00000000
0.41310140;54.53500000;220.00000000
0.41777500;54.97000000;221.00000000
0.42253010;55.40700000;223.00000000
0.42719280;55.83200000;225.00000000
0.43174940;56.24700000;226.00000000
0.43640710;56.66700000;228.00000000
0.44128760;57.10500000;229.00000000
0.44619650;57.54200000;230.00000000
0.45111020;57.98000000;232.00000000
0.45619760;58.42700000;233.00000000
0.46125190;58.87000000;234.00000000
0.46625310;59.30700000;236.00000000
0.47123860;59.74000000;237.00000000
0.47633880;60.18000000;238.00000000
0.48134720;60.61000000;239.00000000
0.48637980;61.04000000;240.00000000
0.49160860;61.48700000;241.00000000
0.49696220;61.94000000;242.00000000
0.50214390;62.37700000;243.00000000
0.50721480;62.80500000;244.00000000
0.51245390;63.24200000;245.00000000
0.51765590;63.67700000;246.00000000
0.52286510;64.11000000;247.00000000
0.52813160;64.54700000;248.00000000
0.53339720;64.98200000;249.00000000
0.53865710;65.41500000;249.00000000
0.54413840;65.86500000;250.00000000
0.54968090;66.31700000;251.00000000
0.55532780;66.77700000;252.00000000
0.56075640;67.21700000;253.00000000
0.56624250;67.66200000;253.00000000
0.57179620;68.11000000;254.00000000
0.57728730;68.55200000;255.00000000
0.58272570;68.99000000;255.00000000
0.58803700;69.45200000;256.00000000
0.59319220;69.89700000;256.00000000
0.59943280;70.35000000;256.00000000
0.60445970;70.79200000;257.00000000
0.61065060;71.22500000;257.00000000
0.61552560;71.67500000;257.00000000
0.62193410;72.12200000;258.00000000
0.62711040;72.58500000;258.00000000
0.63324540;73.04200000;258.00000000
0.63817510;73.48500000;258.00000000
0.64461150;73.94200000;258.00000000
0.64954070;74.38500000;243.00000000
0.65509860;74.83700000;222.00000000
0.65931990;75.27200000;212.00000000
0.66443990;75.72200000;205.00000000
0.66843870;76.16500000;202.00000000
0.67232770;76.58200000;202.00000000
0.67720270;77.03500000;200.00000000
0.68122880;77.48500000;198.00000000
0.68591170;77.96000000;197.00000000
0.69067810;78.41500000;198.00000000
0.69464880;78.84700000;199.00000000
0.69842820;79.26500000;200.00000000
0.70234560;79.69500000;201.00000000
0.70727400;80.15200000;203.00000000
0.71124560;80.59700000;205.00000000
0.71633960;81.04200000;207.00000000
0.72028550;81.48700000;199.00000000
0.72494020;81.94700000;181.00000000
0.72839040;82.39000000;168.00000000
0.73238990;82.84700000;157.00000000
0.73542890;83.28200000;153.00000000
0.73909850;83.74000000;151.00000000
0.74211210;84.17500000;147.00000000
0.74553530;84.61700000;142.00000000
0.74854760;85.06200000;135.00000000
0.75147840;85.51200000;129.00000000
0.75424340;85.95500000;126.00000000
0.75692890;86.38700000;124.00000000
0.75950120;86.81500000;120.00000000
0.76196720;87.24500000;115.00000000
0.76440500;87.67700000;112.00000000
0.76692650;88.12700000;115.00000000
0.76934080;88.56000000;117.00000000
0.77190640;89.00200000;118.00000000
0.77448520;89.44000000;122.00000000
0.77711440;89.87000000;126.00000000
0.77990640;90.31700000;131.00000000
0.78278230;90.76000000;135.00000000
0.78573840;91.20200000;139.00000000
0.78875370;91.64000000;142.00000000
0.79193220;92.09200000;147.00000000
0.79521630;92.54200000;152.00000000
0.79869460;93.00500000;156.00000000
0.80217250;93.45200000;160.00000000
0.80573340;93.90200000;163.00000000
0.80921170;94.33700000;163.00000000
0.81269050;94.79500000;148.00000000
0.81578420;95.24200000;135.00000000
0.81866010;95.69700000;122.00000000
0.82118190;96.14500000;109.00000000
0.82342900;96.58700000;99.00000000
0.82564500;97.05700000;92.00000000
0.82769820;97.51000000;91.00000000
0.82972480;97.95500000;92.00000000
0.83174980;98.40200000;92.00000000
0.83380520;98.85200000;95.00000000
0.83585970;99.28000000;102.00000000
0.83813170;99.72200000;109.00000000
0.84054330;100.15700000;116.00000000
0.84309030;100.59200000;124.00000000
0.84588410;101.04200000;129.00000000
0.84875990;101.49000000;135.00000000
0.85174430;101.93000000;141.00000000
0.85486670;102.37200000;147.00000000
0.85823550;102.83200000;153.00000000
0.86152070;103.26500000;158.00000000
0.86499950;103.71000000;161.00000000
0.86861610;104.16500000;166.00000000
0.87226000;104.61000000;169.00000000
0.87589980;105.04200000;173.00000000
0.87981710;105.50200000;177.00000000
0.88373350;105.95200000;180.00000000
0.88778690;106.41000000;183.00000000
0.89167560;106.84000000;186.00000000
0.89570220;107.28000000;190.00000000
0.89967320;107.73000000;170.00000000
0.90320500;108.18200000;150.00000000
0.90621940;108.61700000;134.00000000
0.90895740;109.05700000;122.00000000
0.91172440;109.53200000;115.00000000
0.91427110;109.99200000;109.00000000
0.91657140;110.42700000;106.00000000
0.91884370;110.86000000;107.00000000
0.92122700;111.31200000;109.00000000
0.92352980;111.74500000;108.00000000
0.92577360;112.16200000;109.00000000
0.92815640;112.60500000;110.00000000
0.93067440;113.07000000;113.00000000
0.93320230;113.51200000;119.00000000
0.93576730;113.96500000;107.00000000
0.93790660;114.41000000;91.00000000
0.93982400;114.86500000;79.00000000
0.94149480;115.31500000;72.00000000
0.94308260;115.75500000;70.00000000
0.94467290;116.20700000;70.00000000
0.94623050;116.64000000;73.00000000
0.94795640;117.10000000;77.00000000
0.94973830;117.55500000;82.00000000
0.95151270;117.97700000;91.00000000
0.95354310;118.41500000;99.00000000
0.95570830;118.84500000;107.00000000
0.95820160;119.30200000;115.00000000
0.96077450;119.75000000;122.00000000
0.96353880;120.20000000;128.00000000
0.96638860;120.64500000;134.00000000
0.96943030;121.10000000;140.00000000
0.97257900;121.55200000;145.00000000
0.97572890;121.98700000;150.00000000
0.97904250;122.43200000;155.00000000
0.98265800;122.90000000;160.00000000
0.98600010;123.32500000;164.00000000
0.98958570;123.76700000;168.00000000
0.99319530;124.20000000;172.00000000
0.99690620;124.64000000;176.00000000
