0.00105594;0.00000000;235.00000000
0.00614619;0.45000000;237.00000000
0.01109385;0.88300000;239.00000000
0.01596200;1.30800000;241.00000000
0.02082892;1.73500000;226.00000000
0.02516073;2.16000000;200.00000000
0.02913884;2.60000000;179.00000000
0.03258103;3.01000000;173.00000000
0.03607702;3.43000000;174.00000000
0.03965396;3.85800000;173.00000000
0.04328433;4.30500000;167.00000000
0.04683434;4.75500000;165.00000000
0.05046500;5.20800000;170.00000000
0.05404164;5.64000000;175.00000000
0.05780672;6.08300000;181.00000000
0.06186394;6.54300000;187.00000000
0.06590038;6.98800000;191.00000000
0.07004127;7.43500000;194.00000000
0.07415846;7.87500000;198.00000000
0.07848749;8.32300000;203.00000000
0.08268285;8.75300000;207.00000000
0.08703942;9.18800000;210.00000000
0.09155749;9.63300000;214.00000000
0.09626418;10.08500000;218.00000000
0.10099680;10.53500000;221.00000000
0.10548770;10.95500000;225.00000000
0.11052210;11.42000000;228.00000000
0.11562690;11.88500000;230.00000000
0.12030620;12.30800000;232.00000000
0.12517400;12.74300000;233.00000000
0.13020290;13.19300000;235.00000000
0.13501690;13.62000000;236.00000000
0.14009940;14.09000000;212.00000000
0.14429490;14.52300000;195.00000000
0.14857090;14.99000000;186.00000000
0.15252420;15.44000000;185.00000000
0.15653120;15.88800000;188.00000000
0.16037690;16.31000000;191.00000000
0.16430350;16.73500000;195.00000000
0.16839100;17.18300000;180.00000000
0.17210210;17.63000000;167.00000000
0.17562540;18.08000000;161.00000000
0.17885240;18.50300000;158.00000000
0.18221420;18.94500000;158.00000000
0.18541430;19.36300000;163.00000000
0.18896450;19.81000000;160.00000000
0.19202990;20.23500000;141.00000000
0.19493460;20.68800000;128.00000000
0.19770440;21.14000000;127.00000000
0.20042060;21.58800000;129.00000000
0.20313690;22.01500000;135.00000000
0.20604140;22.44800000;140.00000000
0.20910720;22.89000000;148.00000000
0.21214600;23.31500000;150.00000000
0.21537320;23.75500000;156.00000000
0.21876170;24.20000000;163.00000000
0.22220410;24.63000000;169.00000000
0.22578080;25.06500000;175.00000000
0.22946520;25.49800000;180.00000000
0.23336480;25.94300000;186.00000000
0.23715660;26.36300000;191.00000000
0.24113670;26.79300000;194.00000000
0.24508530;27.21300000;198.00000000
0.24906840;27.62800000;202.00000000
0.25342710;28.07300000;207.00000000
0.25764890;28.49500000;211.00000000
0.26219390;28.94000000;214.00000000
0.26668600;29.37500000;218.00000000
0.27136470;29.81800000;222.00000000
0.27601720;30.25300000;225.00000000
0.28064240;30.67800000;228.00000000
0.28526830;31.09800000;230.00000000
0.29029730;31.55300000;233.00000000
0.29519230;31.98800000;235.00000000
0.30005960;32.41800000;237.00000000
0.30471210;32.82800000;239.00000000
0.30976780;33.26800000;241.00000000
0.31482380;33.70300000;243.00000000
0.32022940;34.16500000;245.00000000
0.32550050;34.61300000;247.00000000
0.33058260;35.04000000;249.00000000
0.33598900;35.49300000;250.00000000
0.34099110;35.91000000;251.00000000
0.34615210;36.33800000;250.00000000
0.35113480;36.77300000;225.00000000
0.35545830;37.19500000;201.00000000
0.35935900;37.62500000;178.00000000
0.36288180;38.06000000;159.00000000
0.36613600;38.51000000;147.00000000
0.36920180;38.94800000;144.00000000
0.37218680;39.38300000;144.00000000
0.37517190;39.81000000;145.00000000
0.37831850;40.26300000;145.00000000
0.38135730;40.70000000;147.00000000
0.38434240;41.12000000;149.00000000
0.38754300;41.56800000;153.00000000
0.39090450;42.01800000;157.00000000
0.39423910;42.46000000;161.00000000
0.39784300;42.91800000;167.00000000
0.40133900;43.35000000;172.00000000
0.40499650;43.78500000;177.00000000
0.40881060;44.22800000;184.00000000
0.41263230;44.65500000;190.00000000
0.41661420;45.08500000;194.00000000
0.42064820;45.51500000;199.00000000
0.42495100;45.96000000;203.00000000
0.42944240;46.41800000;207.00000000
0.43382590;46.85500000;211.00000000
0.43809880;47.28800000;196.00000000
0.44195070;47.72000000;174.00000000
0.44539510;48.16300000;151.00000000
0.44837500;48.60500000;129.00000000
0.45084910;49.03500000;110.00000000
0.45297400;49.48500000;93.00000000
0.45464210;49.93000000;82.00000000
0.45663050;50.37000000;80.00000000
0.45821780;50.81800000;85.00000000
0.45991090;51.25000000;88.00000000
0.46211810;51.68300000;98.00000000
0.46405370;52.11800000;102.00000000
0.46636630;52.56800000;90.00000000
0.46814080;53.01500000;93.00000000
0.46994230;53.44800000;96.00000000
0.47230960;53.88000000;104.00000000
0.47446080;54.30300000;115.00000000
0.47674650;54.74800000;123.00000000
0.47981260;55.17800000;133.00000000
0.48250190;55.62500000;140.00000000
0.48594420;56.06800000;149.00000000
0.48887550;56.50500000;154.00000000
0.49175310;56.95300000;154.00000000
0.49559870;57.38500000;160.00000000
0.49863760;57.82500000;164.00000000
0.50259100;58.27500000;169.00000000
0.50600640;58.70000000;175.00000000
0.50936550;59.12000000;180.00000000
0.51374980;59.56500000;186.00000000
0.51741180;59.98500000;190.00000000
0.52106650;60.43000000;193.00000000
0.52469690;60.84300000;196.00000000
0.52948410;61.26000000;201.00000000
0.53333010;61.71500000;205.00000000
0.53736340;62.14300000;208.00000000
0.54236560;62.59800000;213.00000000
0.54656140;63.02000000;216.00000000
0.55062210;63.44000000;219.00000000
0.55602770;63.88800000;223.00000000
0.56035700;64.34800000;226.00000000
0.56573740;64.78000000;229.00000000
0.57009350;65.23800000;230.00000000
0.57547120;65.67800000;216.00000000
0.57953200;66.10000000;200.00000000
0.58318940;66.53800000;189.00000000
0.58768070;66.98000000;183.00000000
0.59120360;67.42000000;184.00000000
0.59558720;67.87800000;189.00000000
0.59937910;68.31000000;190.00000000
0.60384350;68.76300000;193.00000000
0.60747400;69.20500000;195.00000000
0.61137350;69.64500000;199.00000000
0.61610660;70.07500000;203.00000000
0.62008680;70.49800000;205.00000000
0.62395940;70.92300000;204.00000000
0.62880030;71.37300000;204.00000000
0.63280710;71.79300000;207.00000000
0.63681420;72.23000000;209.00000000
0.64176330;72.67500000;211.00000000
0.64593080;73.09800000;214.00000000
0.64996490;73.53800000;204.00000000
0.65448330;73.96000000;175.00000000
0.65768330;74.38500000;154.00000000
0.66042630;74.82800000;134.00000000
0.66338490;75.26300000;114.00000000
0.66548240;75.68300000;102.00000000
0.66739160;76.11500000;94.00000000
0.66916680;76.54500000;89.00000000
0.67126410;76.99500000;88.00000000
0.67303930;77.43000000;90.00000000
0.67521730;77.87800000;96.00000000
0.67720780;78.30800000;106.00000000
0.67933210;78.73800000;116.00000000
0.68220960;79.16000000;126.00000000
0.68476430;79.59000000;125.00000000
0.68691610;80.02800000;106.00000000
0.68920200;80.45800000;86.00000000
0.69078880;80.90000000;74.00000000
0.69218580;81.34000000;70.00000000
0.69390800;81.77500000;72.00000000
0.69533350;82.21000000;75.00000000
0.69683920;82.62800000;79.00000000
0.69872020;83.05800000;83.00000000
0.70033510;83.52800000;87.00000000
0.70245950;83.96300000;92.00000000
0.70436910;84.38800000;103.00000000
0.70638600;84.85300000;113.00000000
0.70934410;85.27000000;126.00000000
0.71179140;85.72000000;133.00000000
0.71509930;86.17800000;143.00000000
0.71803060;86.59800000;151.00000000
0.72090810;87.03500000;157.00000000
0.72402780;87.44800000;163.00000000
0.72819630;87.89500000;166.00000000
0.73166540;88.33300000;165.00000000
0.73513470;88.76800000;168.00000000
0.73876520;89.21000000;175.00000000
0.74236880;89.63500000;181.00000000
0.74631910;90.08300000;186.00000000
0.75048940;90.54300000;192.00000000
0.75433850;90.96000000;194.00000000
0.75842400;91.39300000;198.00000000
0.76251180;91.81800000;203.00000000
0.76678780;92.25500000;207.00000000
0.77130590;92.70800000;211.00000000
0.77574320;93.14300000;215.00000000
0.78020750;93.57300000;218.00000000
0.78491370;94.01800000;222.00000000
0.78945890;94.44300000;225.00000000
0.79411130;94.87300000;228.00000000
0.79900580;95.31800000;230.00000000
0.80379280;95.74800000;232.00000000
0.80847220;96.16800000;235.00000000
0.81333970;96.59800000;237.00000000
0.81809970;97.01500000;239.00000000
0.82280760;97.42500000;241.00000000
0.82783690;97.86000000;238.00000000
0.83235410;98.28000000;212.00000000
0.83646790;98.70800000;189.00000000
0.84012540;99.13300000;169.00000000
0.84335250;99.55300000;152.00000000
0.84639140;99.99000000;137.00000000
0.84902670;100.41300000;124.00000000
0.85144750;100.84000000;111.00000000
0.85367920;101.27000000;103.00000000
0.85585830;101.72800000;96.00000000
0.85795520;102.16500000;99.00000000
0.86005300;102.60000000;103.00000000
0.86225840;103.02300000;113.00000000
0.86467860;103.45300000;122.00000000
0.86736810;103.89300000;131.00000000
0.87016430;104.32000000;140.00000000
0.87296210;104.74000000;133.00000000
0.87554350;105.17300000;114.00000000
0.87785610;105.61500000;104.00000000
0.88000800;106.05500000;98.00000000
0.88199780;106.48000000;96.00000000
0.88401480;106.91000000;95.00000000
0.88597780;107.34000000;95.00000000
0.88791440;107.75800000;96.00000000
0.88987740;108.18800000;94.00000000
0.89192090;108.62500000;97.00000000
0.89401910;109.07300000;100.00000000
0.89606270;109.49300000;102.00000000
0.89843030;109.96500000;106.00000000
0.90074210;110.40000000;115.00000000
0.90335080;110.85000000;126.00000000
0.90609400;111.29000000;134.00000000
0.90902550;111.73000000;143.00000000
0.91219800;112.18000000;152.00000000
0.91545310;112.61800000;158.00000000
0.91870650;113.03800000;164.00000000
0.92193400;113.44300000;170.00000000
0.92558840;113.88300000;176.00000000
0.92924850;114.30800000;182.00000000
0.93306770;114.74000000;187.00000000
0.93720940;115.19500000;191.00000000
0.94118940;115.62500000;195.00000000
0.94519640;116.05000000;199.00000000
0.94928410;116.47500000;202.00000000
0.95377530;116.93000000;206.00000000
0.95829350;117.38300000;209.00000000
0.96273080;117.82300000;213.00000000
0.96711440;118.24800000;216.00000000
0.97184770;118.70000000;220.00000000
0.97649980;119.13800000;223.00000000
0.98152690;119.59700000;226.00000000
0.98615560;120.02000000;229.00000000
0.99121080;120.48000000;231.00000000
0.99618700;120.92700000;233.00000000
