0.00076061;0.00000000;232.00000000
0.00552757;0.42800000;234.00000000
0.01044799;0.86300000;236.00000000
0.01526337;1.28800000;238.00000000
0.02012988;1.71300000;236.00000000
0.02478382;2.14500000;212.00000000
0.02892417;2.57500000;191.00000000
0.03274239;3.00300000;182.00000000
0.03653416;3.43500000;184.00000000
0.04032626;3.86800000;180.00000000
0.04392972;4.29000000;175.00000000
0.04756042;4.72500000;175.00000000
0.05116425;5.15000000;179.00000000
0.05484844;5.57500000;183.00000000
0.05861359;5.99800000;187.00000000
0.06251040;6.42800000;191.00000000
0.06649230;6.85800000;194.00000000
0.07066014;7.30300000;198.00000000
0.07477632;7.73300000;202.00000000
0.07894468;8.15800000;205.00000000
0.08316692;8.58500000;209.00000000
0.08744278;9.00800000;212.00000000
0.09177265;9.43300000;214.00000000
0.09631798;9.87000000;217.00000000
0.10083550;10.30300000;220.00000000
0.10546080;10.73800000;223.00000000
0.11014830;11.17300000;226.00000000
0.11492770;11.61000000;229.00000000
0.11987590;12.06000000;231.00000000
0.12474370;12.49800000;233.00000000
0.12963810;12.93500000;235.00000000
0.13453280;13.36800000;236.00000000
0.13931930;13.79300000;230.00000000
0.14381100;14.22000000;209.00000000
0.14784470;14.63500000;198.00000000
0.15204010;15.08300000;193.00000000
0.15599330;15.50500000;196.00000000
0.16010800;15.94000000;199.00000000
0.16433040;16.38000000;203.00000000
0.16849860;16.81800000;190.00000000
0.17237110;17.26000000;176.00000000
0.17602880;17.70300000;169.00000000
0.17949780;18.13300000;166.00000000
0.18304780;18.57800000;168.00000000
0.18654390;19.00500000;173.00000000
0.19009390;19.44300000;159.00000000
0.19321310;19.87500000;141.00000000
0.19606380;20.31300000;131.00000000
0.19880720;20.74300000;132.00000000
0.20163090;21.18000000;137.00000000
0.20458900;21.62000000;142.00000000
0.20757410;22.05300000;147.00000000
0.21066700;22.48000000;153.00000000
0.21392090;22.92000000;157.00000000
0.21733640;23.36500000;163.00000000
0.22072500;23.79000000;169.00000000
0.22424780;24.21800000;174.00000000
0.22793210;24.65300000;178.00000000
0.23172430;25.09000000;182.00000000
0.23559690;25.52800000;187.00000000
0.23968450;25.98000000;191.00000000
0.24385090;26.42800000;196.00000000
0.24780220;26.84500000;200.00000000
0.25197660;27.27500000;204.00000000
0.25654640;27.74000000;208.00000000
0.26074140;28.15800000;211.00000000
0.26526030;28.60000000;214.00000000
0.26975130;29.03500000;217.00000000
0.27434980;29.47500000;220.00000000
0.27905600;29.91800000;223.00000000
0.28370850;30.35000000;226.00000000
0.28841480;30.78300000;229.00000000
0.29293300;31.19300000;231.00000000
0.29788140;31.63500000;234.00000000
0.30269540;32.06300000;236.00000000
0.30764340;32.49800000;238.00000000
0.31267240;32.93800000;241.00000000
0.31780880;33.38000000;243.00000000
0.32289210;33.81500000;245.00000000
0.32805520;34.25500000;247.00000000
0.33332630;34.69800000;248.00000000
0.33835550;35.12000000;249.00000000
0.34343810;35.54500000;250.00000000
0.34846770;35.96800000;245.00000000
0.35301980;36.37500000;220.00000000
0.35734190;36.81000000;194.00000000
0.36121450;37.25000000;172.00000000
0.36460300;37.67800000;158.00000000
0.36774950;38.10300000;151.00000000
0.37092290;38.53800000;148.00000000
0.37404240;38.97000000;152.00000000
0.37718910;39.40300000;151.00000000
0.38041620;39.84500000;151.00000000
0.38361640;40.28300000;153.00000000
0.38700520;40.73800000;157.00000000
0.39036660;41.17800000;161.00000000
0.39383580;41.62300000;166.00000000
0.39741260;42.06500000;171.00000000
0.40117760;42.51800000;176.00000000
0.40486200;42.95300000;180.00000000
0.40851550;43.37000000;185.00000000
0.41236280;43.80000000;190.00000000
0.41637260;44.23300000;195.00000000
0.42043310;44.66300000;199.00000000
0.42470900;45.10800000;203.00000000
0.42898520;45.54000000;207.00000000
0.43331500;45.97500000;210.00000000
0.43793770;46.43800000;200.00000000
0.44186990;46.87300000;176.00000000
0.44544870;47.33000000;150.00000000
0.44832110;47.76000000;128.00000000
0.45084910;48.21000000;107.00000000
0.45286630;48.63000000;93.00000000
0.45458870;49.05500000;84.00000000
0.45620010;49.49800000;82.00000000
0.45827150;49.93000000;86.00000000
0.46001870;50.36800000;89.00000000
0.46179510;50.78800000;99.00000000
0.46378450;51.21000000;107.00000000
0.46623190;51.63300000;94.00000000
0.46800640;52.06500000;96.00000000
0.47034580;52.52000000;100.00000000
0.47241720;52.96300000;109.00000000
0.47459520;53.40500000;116.00000000
0.47755340;53.83300000;127.00000000
0.48005450;54.26500000;133.00000000
0.48263640;54.71800000;140.00000000
0.48607860;55.16000000;146.00000000
0.48898310;55.60000000;152.00000000
0.49266740;56.02300000;158.00000000
0.49570630;56.45500000;161.00000000
0.49887970;56.88800000;166.00000000
0.50302120;57.33500000;172.00000000
0.50624850;57.78800000;176.00000000
0.51049540;58.23800000;180.00000000
0.51412700;58.66500000;185.00000000
0.51770810;59.10800000;188.00000000
0.52219590;59.54800000;192.00000000
0.52593390;59.96300000;195.00000000
0.52975310;60.38500000;199.00000000
0.53354530;60.81300000;203.00000000
0.53841230;61.24000000;207.00000000
0.54252700;61.68000000;210.00000000
0.54653450;62.09800000;213.00000000
0.55164400;62.53000000;215.00000000
0.55581250;62.96800000;218.00000000
0.56011530;63.41000000;221.00000000
0.56533310;63.84800000;224.00000000
0.56958360;64.28800000;226.00000000
0.57512160;64.73300000;228.00000000
0.57937070;65.15300000;215.00000000
0.58337770;65.58800000;203.00000000
0.58714280;66.01000000;195.00000000
0.59174160;66.44300000;195.00000000
0.59550650;66.88300000;198.00000000
0.59935220;67.29000000;199.00000000
0.60411230;67.72300000;200.00000000
0.60806560;68.16300000;203.00000000
0.61193820;68.57800000;207.00000000
0.61591840;69.00500000;209.00000000
0.62105480;69.45000000;211.00000000
0.62508890;69.88500000;210.00000000
0.62912310;70.29800000;211.00000000
0.63412500;70.72300000;213.00000000
0.63823940;71.14000000;214.00000000
0.64246260;71.55000000;216.00000000
0.64652260;71.98500000;219.00000000
0.65079870;72.40500000;205.00000000
0.65526290;72.82800000;175.00000000
0.65846320;73.27000000;153.00000000
0.66112550;73.70000000;134.00000000
0.66408400;74.15800000;114.00000000
0.66615470;74.58800000;102.00000000
0.66811770;75.01300000;94.00000000
0.67040470;75.43500000;90.00000000
0.67212460;75.87800000;92.00000000
0.67435710;76.32300000;96.00000000
0.67632000;76.78500000;104.00000000
0.67836380;77.21500000;112.00000000
0.68129530;77.63800000;122.00000000
0.68360800;78.06800000;130.00000000
0.68608220;78.50000000;117.00000000
0.68855630;78.95500000;94.00000000
0.69030480;79.39300000;80.00000000
0.69210510;79.84500000;71.00000000
0.69355820;80.28500000;73.00000000
0.69503780;80.71000000;76.00000000
0.69691970;81.16000000;80.00000000
0.69861270;81.58800000;85.00000000
0.70076570;82.05000000;95.00000000
0.70264760;82.49000000;101.00000000
0.70466490;82.91800000;108.00000000
0.70735400;83.34300000;118.00000000
0.70969370;83.77500000;126.00000000
0.71219490;84.20300000;134.00000000
0.71550270;84.62000000;143.00000000
0.71829950;85.05500000;148.00000000
0.72131160;85.51300000;154.00000000
0.72504970;85.94800000;161.00000000
0.72819630;86.37500000;165.00000000
0.73190750;86.79300000;166.00000000
0.73532300;87.21500000;171.00000000
0.73908790;87.66800000;176.00000000
0.74261090;88.08000000;180.00000000
0.74642610;88.51800000;185.00000000
0.75027410;88.94800000;189.00000000
0.75417720;89.37300000;194.00000000
0.75837020;89.82000000;197.00000000
0.76272700;90.27500000;201.00000000
0.76721810;90.73800000;205.00000000
0.77144030;91.16300000;209.00000000
0.77598520;91.61300000;212.00000000
0.78058400;92.06000000;215.00000000
0.78537090;92.52300000;218.00000000
0.78999670;92.96300000;221.00000000
0.79438020;93.37300000;224.00000000
0.79908650;93.80800000;227.00000000
0.80408860;94.26500000;230.00000000
0.80890240;94.70000000;232.00000000
0.81371620;95.13000000;235.00000000
0.81874470;95.57500000;237.00000000
0.82353430;95.99500000;239.00000000
0.82872400;96.44500000;239.00000000
0.83332220;96.86800000;215.00000000
0.83751680;97.30000000;191.00000000
0.84149690;97.75800000;169.00000000
0.84488550;98.20300000;150.00000000
0.84797810;98.65300000;134.00000000
0.85053290;99.07300000;120.00000000
0.85300700;99.52000000;109.00000000
0.85526650;99.96300000;101.00000000
0.85744430;100.40500000;102.00000000
0.85962300;100.83500000;106.00000000
0.86196250;101.27500000;114.00000000
0.86443660;101.70800000;123.00000000
0.86712600;102.14500000;132.00000000
0.86992220;102.57500000;139.00000000
0.87274680;102.99300000;139.00000000
0.87540910;103.42500000;119.00000000
0.87780230;103.85800000;108.00000000
0.88006180;104.30000000;102.00000000
0.88218600;104.73500000;99.00000000
0.88436410;105.18500000;99.00000000
0.88643520;105.61300000;99.00000000
0.88850580;106.04500000;98.00000000
0.89071110;106.50300000;98.00000000
0.89280860;106.93000000;103.00000000
0.89501340;107.37300000;105.00000000
0.89727350;107.80800000;108.00000000
0.89963990;108.24300000;116.00000000
0.90216680;108.68300000;124.00000000
0.90480330;109.10800000;132.00000000
0.90751940;109.52500000;140.00000000
0.91071950;109.99000000;146.00000000
0.91383920;110.42500000;153.00000000
0.91717400;110.87000000;159.00000000
0.92048160;111.29800000;164.00000000
0.92419220;111.75800000;170.00000000
0.92790390;112.20500000;176.00000000
0.93156230;112.63300000;180.00000000
0.93538060;113.07000000;185.00000000
0.93949510;113.53000000;189.00000000
0.94347520;113.96500000;193.00000000
0.94772430;114.41800000;197.00000000
0.95194670;114.86000000;201.00000000
0.95619580;115.29800000;204.00000000
0.96049860;115.73300000;207.00000000
0.96485540;116.16800000;211.00000000
0.96902390;116.57800000;214.00000000
0.97373000;117.03500000;216.00000000
0.97830010;117.47300000;219.00000000
0.98327610;117.87000000;222.00000000
0.98787440;118.30000000;225.00000000
0.99250300;118.72500000;227.00000000
0.99731830;119.16500000;230.00000000
