0.00057380;0.00000000;232.00000000
0.00544684;0.44000000;234.00000000
0.01063636;0.89700000;237.00000000
0.01566652;1.34000000;239.00000000
0.02039876;1.76500000;222.00000000
0.02478382;2.19700000;201.00000000
0.02892417;2.65000000;181.00000000
0.03258103;3.08500000;171.00000000
0.03610391;3.51500000;172.00000000
0.03968085;3.95000000;171.00000000
0.04331122;4.40000000;166.00000000
0.04678055;4.84000000;164.00000000
0.05024984;5.27500000;169.00000000
0.05382650;5.71200000;173.00000000
0.05753778;6.15200000;178.00000000
0.06127369;6.58200000;183.00000000
0.06495856;7.00000000;187.00000000
0.06902004;7.44700000;190.00000000
0.07305515;7.88500000;195.00000000
0.07725041;8.33000000;199.00000000
0.08139195;8.76000000;202.00000000
0.08547967;9.18000000;206.00000000
0.08972858;9.60500000;209.00000000
0.09416634;10.04500000;212.00000000
0.09852301;10.47000000;215.00000000
0.10301390;10.90200000;219.00000000
0.10788460;11.36500000;222.00000000
0.11253550;11.79700000;225.00000000
0.11713290;12.22200000;228.00000000
0.12194670;12.66200000;230.00000000
0.12705640;13.12500000;232.00000000
0.13197790;13.56700000;234.00000000
0.13700690;14.02000000;224.00000000
0.14149810;14.46200000;201.00000000
0.14550490;14.89200000;188.00000000
0.14940480;15.33000000;182.00000000
0.15303510;15.75000000;181.00000000
0.15671950;16.17500000;182.00000000
0.16059200;16.61200000;186.00000000
0.16430350;17.02700000;189.00000000
0.16798760;17.43700000;180.00000000
0.17167180;17.88200000;167.00000000
0.17519520;18.33200000;161.00000000
0.17855650;18.77500000;157.00000000
0.18194520;19.22500000;157.00000000
0.18519920;19.65200000;162.00000000
0.18877620;20.10500000;160.00000000
0.19202990;20.55700000;141.00000000
0.19490770;21.00500000;129.00000000
0.19767750;21.45200000;128.00000000
0.20036680;21.89000000;130.00000000
0.20321750;22.34000000;135.00000000
0.20612200;22.77700000;140.00000000
0.20910720;23.21200000;146.00000000
0.21219980;23.64500000;150.00000000
0.21556150;24.10500000;155.00000000
0.21897690;24.55500000;161.00000000
0.22231170;24.98000000;167.00000000
0.22604970;25.44000000;172.00000000
0.22984170;25.89500000;177.00000000
0.23355300;26.32700000;182.00000000
0.23742560;26.76500000;186.00000000
0.24135190;27.20000000;191.00000000
0.24540770;27.63700000;195.00000000
0.24984950;28.11000000;199.00000000
0.25409940;28.55000000;203.00000000
0.25859030;29.00700000;207.00000000
0.26305460;29.45500000;210.00000000
0.26749240;29.89200000;214.00000000
0.27190250;30.32000000;217.00000000
0.27647430;30.75500000;220.00000000
0.28118020;31.19700000;223.00000000
0.28607510;31.65200000;227.00000000
0.29083520;32.08700000;229.00000000
0.29567630;32.52500000;232.00000000
0.30051680;32.95700000;235.00000000
0.30527690;33.37700000;237.00000000
0.31041320;33.83000000;239.00000000
0.31530790;34.25500000;241.00000000
0.32063280;34.71200000;243.00000000
0.32587710;35.16200000;245.00000000
0.33109350;35.60500000;247.00000000
0.33620420;36.03500000;248.00000000
0.34128690;36.46200000;250.00000000
0.34647550;36.89700000;241.00000000
0.35126860;37.33500000;218.00000000
0.35567370;37.77500000;198.00000000
0.35965480;38.21700000;178.00000000
0.36307010;38.64000000;161.00000000
0.36627040;39.07500000;146.00000000
0.36933630;39.51500000;143.00000000
0.37234820;39.95200000;144.00000000
0.37530640;40.38000000;145.00000000
0.37823780;40.80000000;145.00000000
0.38116910;41.22500000;146.00000000
0.38415420;41.65000000;148.00000000
0.38724730;42.08000000;151.00000000
0.39044730;42.51700000;155.00000000
0.39372820;42.95200000;159.00000000
0.39719740;43.40200000;164.00000000
0.40069360;43.83700000;169.00000000
0.40424350;44.27000000;174.00000000
0.40779110;44.69200000;179.00000000
0.41150070;45.11700000;184.00000000
0.41556760;45.57200000;190.00000000
0.41949180;45.99500000;195.00000000
0.42355260;46.42700000;199.00000000
0.42753290;46.84200000;202.00000000
0.43180890;47.28000000;205.00000000
0.43621950;47.72700000;201.00000000
0.44033430;48.17700000;181.00000000
0.44394030;48.61700000;162.00000000
0.44711070;49.05200000;142.00000000
0.44998870;49.50700000;123.00000000
0.45230060;49.92200000;108.00000000
0.45437480;50.34200000;95.00000000
0.45617320;50.78000000;89.00000000
0.45784190;51.20700000;82.00000000
0.45972240;51.64500000;80.00000000
0.46139130;52.07700000;91.00000000
0.46324640;52.52200000;101.00000000
0.46561350;52.96000000;94.00000000
0.46744170;53.39500000;91.00000000
0.46929710;53.83500000;95.00000000
0.47158340;54.27700000;104.00000000
0.47365420;54.70700000;113.00000000
0.47593970;55.13000000;122.00000000
0.47903280;55.59000000;130.00000000
0.48215230;56.04200000;137.00000000
0.48492220;56.48500000;144.00000000
0.48774590;56.93700000;150.00000000
0.49137660;57.36700000;153.00000000
0.49430780;57.80000000;155.00000000
0.49807280;58.24200000;161.00000000
0.50127320;58.67200000;165.00000000
0.50439250;59.09200000;169.00000000
0.50780840;59.53200000;174.00000000
0.51194350;59.98000000;179.00000000
0.51536490;60.42500000;183.00000000
0.51980250;60.87200000;187.00000000
0.52354060;61.30200000;191.00000000
0.52717120;61.73200000;195.00000000
0.53190450;62.18000000;199.00000000
0.53572320;62.62500000;202.00000000
0.54061730;63.06200000;206.00000000
0.54454420;63.51000000;209.00000000
0.54965390;63.94500000;213.00000000
0.55384950;64.38500000;216.00000000
0.55791000;64.83200000;219.00000000
0.56326130;65.26500000;222.00000000
0.56759570;65.70200000;224.00000000
0.57181260;66.14000000;226.00000000
0.57703100;66.58500000;204.00000000
0.58087660;67.03500000;193.00000000
0.58531420;67.46700000;182.00000000
0.58875630;67.90000000;179.00000000
0.59222570;68.32000000;180.00000000
0.59666290;68.76000000;184.00000000
0.60010520;69.20000000;185.00000000
0.60451570;69.64200000;188.00000000
0.60820010;70.08200000;191.00000000
0.61185750;70.51700000;194.00000000
0.61656380;70.96000000;198.00000000
0.62035570;71.39500000;199.00000000
0.62420140;71.84000000;199.00000000
0.62890790;72.29500000;200.00000000
0.63288780;72.70500000;202.00000000
0.63764790;73.14500000;204.00000000
0.64168260;73.57200000;206.00000000
0.64550030;74.00700000;208.00000000
0.65047590;74.44700000;195.00000000
0.65397240;74.85500000;176.00000000
0.65722610;75.28000000;158.00000000
0.66013060;75.73000000;139.00000000
0.66316970;76.16500000;120.00000000
0.66534790;76.60700000;106.00000000
0.66728400;77.03200000;95.00000000
0.66954340;77.46700000;89.00000000
0.67126410;77.91200000;88.00000000
0.67341600;78.36500000;92.00000000
0.67529790;78.80200000;98.00000000
0.67774540;79.24700000;109.00000000
0.67997750;79.69000000;118.00000000
0.68229030;80.11200000;125.00000000
0.68527530;80.55000000;119.00000000
0.68742710;80.99700000;102.00000000
0.68917510;81.44000000;87.00000000
0.69111140;81.88200000;73.00000000
0.69258950;82.33500000;70.00000000
0.69431160;82.78200000;72.00000000
0.69576390;83.22500000;76.00000000
0.69764560;83.65700000;83.00000000
0.69925860;84.09000000;86.00000000
0.70098100;84.50700000;89.00000000
0.70318540;84.94200000;99.00000000
0.70520280;85.38200000;108.00000000
0.70735400;85.80700000;118.00000000
0.71031230;86.24700000;127.00000000
0.71284030;86.69000000;135.00000000
0.71555640;87.11200000;142.00000000
0.71897180;87.54700000;150.00000000
0.72187630;87.97700000;156.00000000
0.72496900;88.39500000;161.00000000
0.72811560;88.83700000;163.00000000
0.73212270;89.26700000;162.00000000
0.73551120;89.69700000;167.00000000
0.73898030;90.12500000;172.00000000
0.74266460;90.56200000;178.00000000
0.74653320;91.01200000;183.00000000
0.75030110;91.43700000;187.00000000
0.75439230;91.88700000;192.00000000
0.75842400;92.32000000;196.00000000
0.76248500;92.75000000;199.00000000
0.76665340;93.18200000;203.00000000
0.77082190;93.60500000;207.00000000
0.77528600;94.05200000;210.00000000
0.77964270;94.48200000;214.00000000
0.78413390;94.91700000;217.00000000
0.78865190;95.35000000;220.00000000
0.79330440;95.78700000;223.00000000
0.79790320;96.21500000;226.00000000
0.80260940;96.64700000;229.00000000
0.80739640;97.08200000;231.00000000
0.81253300;97.54200000;234.00000000
0.81737360;97.97000000;237.00000000
0.82240370;98.41200000;239.00000000
0.82762160;98.87000000;229.00000000
0.83203140;99.29200000;208.00000000
0.83633350;99.74500000;187.00000000
0.84004470;100.18200000;168.00000000
0.84337940;100.61700000;151.00000000
0.84631080;101.04200000;136.00000000
0.84897290;101.46700000;124.00000000
0.85152820;101.92000000;112.00000000
0.85373300;102.34200000;103.00000000
0.85588510;102.78700000;98.00000000
0.85803590;103.23500000;101.00000000
0.86010680;103.65500000;106.00000000
0.86241980;104.10500000;109.00000000
0.86486690;104.55200000;120.00000000
0.86736810;104.97200000;127.00000000
0.87013730;105.41200000;135.00000000
0.87293520;105.84000000;132.00000000
0.87546290;106.26700000;115.00000000
0.87788300;106.72200000;105.00000000
0.88006180;107.16200000;100.00000000
0.88213220;107.60000000;97.00000000
0.88414920;108.02700000;95.00000000
0.88616620;108.46000000;96.00000000
0.88812940;108.88200000;96.00000000
0.89022700;109.33200000;95.00000000
0.89221670;109.75700000;98.00000000
0.89426110;110.17700000;103.00000000
0.89641250;110.61500000;104.00000000
0.89848410;111.02200000;108.00000000
0.90076900;111.44700000;117.00000000
0.90327010;111.87500000;124.00000000
0.90582500;112.29200000;132.00000000
0.90864910;112.72500000;139.00000000
0.91155300;113.14700000;147.00000000
0.91453860;113.56200000;153.00000000
0.91779240;113.99700000;158.00000000
0.92110020;114.42500000;163.00000000
0.92448780;114.85200000;169.00000000
0.92814550;115.29500000;174.00000000
0.93196510;115.74700000;180.00000000
0.93575710;116.18000000;184.00000000
0.93960270;116.61000000;189.00000000
0.94355600;117.04200000;193.00000000
0.94761670;117.47700000;196.00000000
0.95162400;117.90000000;200.00000000
0.95579240;118.33200000;203.00000000
0.95993390;118.75500000;206.00000000
0.96429060;119.19500000;209.00000000
0.96870120;119.63000000;212.00000000
0.97319220;120.06700000;216.00000000
0.97770810;120.50200000;219.00000000
0.98236080;120.92200000;221.00000000
0.98679910;121.34000000;224.00000000
0.99145290;121.77000000;227.00000000
0.99602530;122.18700000;229.00000000
