0.00107761;0.00000000;202.00000000
0.00608024;0.42000000;205.00000000
0.01135195;0.85500000;207.00000000
0.01699269;1.31800000;209.00000000
0.02252961;1.76500000;212.00000000
0.02800501;2.20300000;214.00000000
0.03350881;2.64000000;216.00000000
0.03891505;3.06500000;218.00000000
0.04451920;3.50000000;220.00000000
0.04999178;3.92300000;222.00000000
0.05549741;4.34500000;221.00000000
0.06109974;4.79500000;202.00000000
0.06617542;5.24000000;185.00000000
0.07072433;5.67800000;168.00000000
0.07497691;6.12500000;157.00000000
0.07899839;6.56800000;152.00000000
0.08288812;7.00800000;149.00000000
0.08671191;7.43800000;151.00000000
0.09073353;7.88800000;153.00000000
0.09455731;8.31000000;157.00000000
0.09871101;8.75500000;160.00000000
0.10302900;9.21300000;162.00000000
0.10705080;9.63800000;162.00000000
0.11110520;10.06000000;165.00000000
0.11549200;10.50500000;169.00000000
0.11989990;10.94500000;173.00000000
0.12445550;11.39000000;177.00000000
0.12916960;11.84000000;180.00000000
0.13391650;12.28300000;184.00000000
0.13866330;12.71800000;187.00000000
0.14360790;13.16800000;182.00000000
0.14799190;13.59800000;163.00000000
0.15201970;14.04300000;145.00000000
0.15564330;14.49800000;127.00000000
0.15873770;14.94000000;109.00000000
0.16141050;15.38800000;94.00000000
0.16381410;15.85300000;80.00000000
0.16586050;16.31800000;67.00000000
0.16760510;16.75500000;62.00000000
0.16922180;17.19000000;60.00000000
0.17073620;17.60300000;59.00000000
0.17235150;18.04500000;60.00000000
0.17400040;18.48800000;63.00000000
0.17574490;18.93000000;71.00000000
0.17782430;19.38500000;81.00000000
0.18003180;19.82300000;89.00000000
0.18247160;20.27000000;98.00000000
0.18507240;20.70000000;106.00000000
0.18794210;21.14800000;113.00000000
0.19091110;21.57800000;120.00000000
0.19397530;22.00300000;126.00000000
0.19727260;22.43300000;132.00000000
0.20076760;22.87300000;138.00000000
0.20426110;23.29300000;144.00000000
0.20815060;23.74500000;149.00000000
0.21197400;24.17800000;154.00000000
0.21603540;24.61800000;158.00000000
0.22002130;25.04300000;163.00000000
0.22430320;25.49000000;156.00000000
0.22815990;25.93000000;143.00000000
0.23175300;26.37300000;132.00000000
0.23508250;26.81000000;125.00000000
0.23821400;27.24300000;121.00000000
0.24124660;27.66500000;120.00000000
0.24457600;28.13000000;122.00000000
0.24767490;28.55800000;126.00000000
0.25097120;28.99500000;130.00000000
0.25439940;29.43800000;134.00000000
0.25779440;29.86800000;134.00000000
0.26135340;30.31000000;139.00000000
0.26504750;30.75500000;144.00000000
0.26866750;31.17500000;149.00000000
0.27265790;31.62300000;154.00000000
0.27651900;32.04500000;158.00000000
0.28077060;32.49800000;162.00000000
0.28508880;32.94300000;167.00000000
0.28934120;33.37300000;171.00000000
0.29372550;33.80300000;175.00000000
0.29820860;34.23500000;178.00000000
0.30292250;34.68000000;182.00000000
0.30747150;35.10000000;185.00000000
0.31235010;35.54500000;189.00000000
0.31759140;36.01300000;192.00000000
0.32253480;36.44800000;195.00000000
0.32768020;36.89500000;195.00000000
0.33242750;37.33300000;175.00000000
0.33681290;37.78500000;155.00000000
0.34066540;38.23500000;136.00000000
0.34389680;38.66300000;119.00000000
0.34666570;39.08300000;104.00000000
0.34910560;39.51500000;89.00000000
0.35137960;39.96500000;80.00000000
0.35345620;40.41000000;75.00000000
0.35533430;40.83500000;73.00000000
0.35721450;41.27500000;70.00000000
0.35905840;41.69800000;72.00000000
0.36090590;42.12500000;74.00000000
0.36288440;42.55500000;83.00000000
0.36515800;42.99300000;90.00000000
0.36756410;43.42800000;97.00000000
0.37003700;43.84800000;103.00000000
0.37287150;44.29000000;111.00000000
0.37580320;44.72500000;119.00000000
0.37886880;45.15500000;125.00000000
0.38223110;45.60000000;131.00000000
0.38572720;46.04000000;137.00000000
0.38965180;46.51500000;143.00000000
0.39354040;46.96800000;149.00000000
0.39733340;47.39500000;154.00000000
0.40132140;47.83300000;158.00000000
0.40557410;48.28300000;162.00000000
0.40998890;48.74800000;153.00000000
0.41371420;49.18000000;140.00000000
0.41704360;49.60000000;132.00000000
0.42027400;50.03800000;129.00000000
0.42334000;50.46800000;127.00000000
0.42627340;50.91300000;127.00000000
0.43006460;51.35500000;134.00000000
0.43329370;51.79500000;139.00000000
0.43747900;52.24500000;145.00000000
0.44097660;52.67000000;149.00000000
0.44446970;53.09300000;154.00000000
0.44914960;53.53000000;159.00000000
0.45290990;53.96300000;158.00000000
0.45633950;54.41000000;141.00000000
0.46022590;54.84000000;121.00000000
0.46299810;55.29000000;105.00000000
0.46582980;55.75000000;92.00000000
0.46790820;56.19300000;83.00000000
0.47034630;56.63300000;78.00000000
0.47212550;57.06800000;76.00000000
0.47443370;57.52300000;84.00000000
0.47660910;57.95500000;92.00000000
0.47878500;58.38500000;97.00000000
0.48122400;58.81500000;102.00000000
0.48429020;59.23300000;109.00000000
0.48696010;59.69000000;115.00000000
0.49035530;60.12300000;121.00000000
0.49335250;60.56800000;127.00000000
0.49714570;61.02300000;134.00000000
0.50044110;61.48500000;139.00000000
0.50449910;61.91800000;146.00000000
0.50795980;62.35500000;134.00000000
0.51089170;62.77300000;123.00000000
0.51382590;63.20800000;116.00000000
0.51722100;63.65300000;114.00000000
0.51985800;64.08500000;114.00000000
0.52331940;64.52800000;119.00000000
0.52618720;64.96000000;121.00000000
0.52902210;65.39800000;120.00000000
0.53261520;65.82800000;126.00000000
0.53561490;66.27000000;132.00000000
0.53957060;66.72300000;138.00000000
0.54283220;67.15000000;143.00000000
0.54625790;67.56800000;148.00000000
0.54995330;68.01000000;152.00000000
0.55453520;68.43800000;158.00000000
0.55822840;68.86300000;161.00000000
0.56208610;69.29500000;165.00000000
0.56693090;69.72800000;170.00000000
0.57088600;70.15500000;173.00000000
0.57510580;70.61000000;177.00000000
0.58031280;71.07000000;181.00000000
0.58483070;71.50000000;184.00000000
0.59017150;71.95800000;188.00000000
0.59455440;72.41000000;191.00000000
0.60022440;72.85000000;194.00000000
0.60474070;73.28800000;197.00000000
0.60938850;73.71300000;199.00000000
0.61535480;74.17300000;202.00000000
0.62013490;74.61500000;204.00000000
0.62623320;75.05000000;207.00000000
0.63124370;75.48300000;209.00000000
0.63595770;75.89800000;211.00000000
0.64245010;76.34300000;214.00000000
0.64726550;76.78800000;216.00000000
0.65382420;77.23800000;218.00000000
0.65890010;77.67500000;220.00000000
0.66526280;78.12000000;223.00000000
0.67063580;78.55000000;224.00000000
0.67590960;78.98300000;226.00000000
0.68257080;79.43000000;221.00000000
0.68748280;79.88000000;202.00000000
0.69305220;80.32000000;183.00000000
0.69766640;80.76500000;170.00000000
0.70201760;81.21800000;157.00000000
0.70594020;81.66000000;144.00000000
0.70950030;82.09800000;134.00000000
0.71292870;82.54000000;132.00000000
0.71615980;82.97000000;128.00000000
0.71929140;83.40800000;113.00000000
0.72209010;83.84800000;102.00000000
0.72463310;84.28300000;93.00000000
0.72690580;84.71300000;87.00000000
0.72894980;85.13300000;83.00000000
0.73099210;85.56300000;81.00000000
0.73323560;86.00500000;90.00000000
0.73567240;86.44500000;99.00000000
0.73834290;86.88000000;108.00000000
0.74124410;87.32500000;115.00000000
0.74434380;87.76500000;122.00000000
0.74737590;88.17800000;128.00000000
0.75103270;88.64800000;135.00000000
0.75462950;89.09300000;141.00000000
0.75835660;89.53300000;146.00000000
0.76240740;89.99300000;151.00000000
0.76629730;90.43300000;146.00000000
0.77005520;90.88300000;140.00000000
0.77358240;91.31300000;139.00000000
0.77720850;91.75300000;143.00000000
0.78076860;92.17500000;142.00000000
0.78432860;92.59800000;145.00000000
0.78821830;93.04800000;149.00000000
0.79204440;93.48000000;153.00000000
0.79576440;93.88500000;157.00000000
0.79975510;94.31300000;161.00000000
0.80387490;94.74300000;165.00000000
0.80799940;95.16000000;169.00000000
0.81251240;95.60800000;173.00000000
0.81712790;96.05800000;175.00000000
0.82154490;96.49000000;173.00000000
0.82596220;96.92800000;174.00000000
0.83057730;97.38000000;172.00000000
0.83499430;97.82000000;170.00000000
0.83951030;98.28000000;166.00000000
0.84379570;98.72300000;162.00000000
0.84778460;99.14300000;160.00000000
0.85174010;99.56500000;157.00000000
0.85586060;100.01500000;154.00000000
0.85978350;100.44800000;156.00000000
0.86383800;100.88800000;156.00000000
0.86795850;101.33500000;157.00000000
0.87207900;101.78500000;156.00000000
0.87593570;102.20800000;156.00000000
0.87992440;102.64500000;154.00000000
0.88381420;103.08500000;146.00000000
0.88734110;103.51000000;134.00000000
0.89063770;103.95800000;116.00000000
0.89334080;104.38300000;100.00000000
0.89568080;104.80000000;87.00000000
0.89782380;105.23800000;80.00000000
0.89993300;105.67500000;79.00000000
0.90200980;106.10000000;84.00000000
0.90428580;106.53500000;92.00000000
0.90685560;106.98500000;101.00000000
0.90969050;107.44500000;110.00000000
0.91251580;107.86500000;117.00000000
0.91568580;108.31500000;124.00000000
0.91902040;108.75800000;130.00000000
0.92264540;109.22000000;137.00000000
0.92607360;109.64000000;142.00000000
0.92973240;110.07000000;147.00000000
0.93358930;110.50800000;152.00000000
0.93774270;110.96300000;157.00000000
0.94163230;111.37800000;161.00000000
0.94575410;111.80800000;166.00000000
0.95013770;112.25300000;170.00000000
0.95452130;112.68800000;174.00000000
0.95903770;113.12300000;177.00000000
0.96345470;113.54500000;181.00000000
0.96863010;114.02800000;184.00000000
0.97354170;114.47800000;188.00000000
0.97832170;114.90800000;191.00000000
0.98313480;115.33300000;193.00000000
0.98811140;115.76800000;196.00000000
0.99292420;116.18300000;198.00000000
0.99800470;116.61800000;201.00000000
