0.00101146;0.10700000;221.00000000
0.00683800;0.55500000;224.00000000
0.01253919;0.98500000;227.00000000
0.01837451;1.42000000;230.00000000
0.02414498;1.84500000;232.00000000
0.03024944;2.29000000;235.00000000
0.03637802;2.73200000;237.00000000
0.04244333;3.16700000;239.00000000
0.04837789;3.58700000;241.00000000
0.05460734;4.02700000;239.00000000
0.06040701;4.46000000;217.00000000
0.06558207;4.88500000;198.00000000
0.07055952;5.33500000;178.00000000
0.07491099;5.76700000;166.00000000
0.07903136;6.19500000;161.00000000
0.08308591;6.63000000;158.00000000
0.08720640;7.07200000;161.00000000
0.09142577;7.51500000;164.00000000
0.09554640;7.94000000;169.00000000
0.10006240;8.38700000;171.00000000
0.10461150;8.83700000;174.00000000
0.10902850;9.27000000;175.00000000
0.11361070;9.71000000;180.00000000
0.11818550;10.13700000;185.00000000
0.12293780;10.56700000;190.00000000
0.12795140;11.01000000;195.00000000
0.13289460;11.44000000;199.00000000
0.13790510;11.86500000;202.00000000
0.14324530;12.31700000;191.00000000
0.14795890;12.76200000;171.00000000
0.15218380;13.20700000;151.00000000
0.15567600;13.62700000;133.00000000
0.15886970;14.06500000;114.00000000
0.16150890;14.48500000;99.00000000
0.16384710;14.91500000;84.00000000
0.16582760;15.34500000;70.00000000
0.16760510;15.77500000;65.00000000
0.16922180;16.19000000;63.00000000
0.17083480;16.60700000;61.00000000
0.17251650;17.05000000;65.00000000
0.17429620;17.49200000;69.00000000
0.17610820;17.92000000;76.00000000
0.17822010;18.34500000;87.00000000
0.18062480;18.79000000;96.00000000
0.18312960;19.21000000;107.00000000
0.18586590;19.62500000;116.00000000
0.18903150;20.07000000;125.00000000
0.19229560;20.49700000;134.00000000
0.19568970;20.92000000;141.00000000
0.19951490;21.36700000;149.00000000
0.20330510;21.79000000;156.00000000
0.20749140;22.23700000;162.00000000
0.21164380;22.66500000;168.00000000
0.21600230;23.10000000;173.00000000
0.22057920;23.54200000;179.00000000
0.22496250;23.98200000;161.00000000
0.22895110;24.42000000;147.00000000
0.23254420;24.85000000;137.00000000
0.23593950;25.28200000;130.00000000
0.23920310;25.71200000;127.00000000
0.24240040;26.13700000;127.00000000
0.24569680;26.57200000;131.00000000
0.24899310;26.99200000;135.00000000
0.25252040;27.42700000;141.00000000
0.25617960;27.86200000;144.00000000
0.25990500;28.29500000;147.00000000
0.26386010;28.74200000;154.00000000
0.26774570;29.16200000;160.00000000
0.27163680;29.56700000;165.00000000
0.27585930;29.99500000;171.00000000
0.28027610;30.43000000;176.00000000
0.28482510;30.86200000;182.00000000
0.28944010;31.28700000;187.00000000
0.29418700;31.71500000;192.00000000
0.29919750;32.15500000;196.00000000
0.30417520;32.58200000;200.00000000
0.30921860;33.00700000;204.00000000
0.31442690;33.44000000;207.00000000
0.31976710;33.87500000;211.00000000
0.32520650;34.31000000;214.00000000
0.33031830;34.74000000;192.00000000
0.33493270;35.17200000;171.00000000
0.33901910;35.60200000;151.00000000
0.34261110;36.03200000;132.00000000
0.34574270;36.46500000;114.00000000
0.34844640;36.89500000;98.00000000
0.35078610;37.33200000;85.00000000
0.35299500;37.78000000;79.00000000
0.35503730;38.21700000;76.00000000
0.35698360;38.65500000;74.00000000
0.35892640;39.08500000;76.00000000
0.36090590;39.51500000;80.00000000
0.36301620;39.95000000;86.00000000
0.36528980;40.37200000;94.00000000
0.36779480;40.80200000;103.00000000
0.37049900;41.23200000;111.00000000
0.37346450;41.66500000;121.00000000
0.37662780;42.09500000;129.00000000
0.38002320;42.52700000;137.00000000
0.38358180;42.95700000;145.00000000
0.38731000;43.38200000;152.00000000
0.39119960;43.80700000;158.00000000
0.39522250;44.23000000;164.00000000
0.39855520;44.66200000;169.00000000
0.40369560;45.09200000;175.00000000
0.40771610;45.51500000;172.00000000
0.41163760;45.95000000;155.00000000
0.41592280;46.38500000;141.00000000
0.41918590;46.81700000;136.00000000
0.42235090;47.24700000;134.00000000
0.42633930;47.69700000;133.00000000
0.42950400;48.14500000;140.00000000
0.43368880;48.58700000;148.00000000
0.43724850;49.02500000;155.00000000
0.44186650;49.46500000;162.00000000
0.44578820;49.90200000;167.00000000
0.44977600;50.34700000;173.00000000
0.45462700;50.76500000;156.00000000
0.45818260;51.21000000;138.00000000
0.46114960;51.64200000;121.00000000
0.46447590;52.07000000;102.00000000
0.46678750;52.53000000;92.00000000
0.46935790;52.97000000;83.00000000
0.47130190;53.42000000;80.00000000
0.47364210;53.86500000;85.00000000
0.47575290;54.31700000;93.00000000
0.47805970;54.75700000;100.00000000
0.48115810;55.18700000;107.00000000
0.48379570;55.62200000;115.00000000
0.48659740;56.05000000;123.00000000
0.49028940;56.48000000;131.00000000
0.49345140;56.91200000;138.00000000
0.49678270;57.34500000;145.00000000
0.50123340;57.77200000;154.00000000
0.50492860;58.20700000;155.00000000
0.50835440;58.63000000;139.00000000
0.51224340;59.08500000;126.00000000
0.51520990;59.50700000;121.00000000
0.51804530;59.94000000;121.00000000
0.52163820;60.37500000;123.00000000
0.52457180;60.81700000;128.00000000
0.52757210;61.23700000;128.00000000
0.53136270;61.66700000;132.00000000
0.53465890;62.11000000;139.00000000
0.53792240;62.53200000;146.00000000
0.54227180;62.96500000;154.00000000
0.54596050;63.39500000;159.00000000
0.54975530;63.82500000;165.00000000
0.55374400;64.25700000;170.00000000
0.55888780;64.70200000;176.00000000
0.56317310;65.13500000;181.00000000
0.56841400;65.56700000;187.00000000
0.57299640;66.01500000;191.00000000
0.57751170;66.45500000;196.00000000
0.58324790;66.88500000;200.00000000
0.58799550;67.32000000;203.00000000
0.59284060;67.75500000;207.00000000
0.59903760;68.17700000;211.00000000
0.60394950;68.62200000;214.00000000
0.60912480;69.05200000;217.00000000
0.61545370;69.50700000;221.00000000
0.62069530;69.94700000;223.00000000
0.62732110;70.37700000;227.00000000
0.63272690;70.81500000;229.00000000
0.63803520;71.25000000;232.00000000
0.64495670;71.67700000;235.00000000
0.65032880;72.11500000;237.00000000
0.65600090;72.54500000;239.00000000
0.66295510;72.98000000;241.00000000
0.66869090;73.41200000;243.00000000
0.67445920;73.84700000;245.00000000
0.68154800;74.28000000;239.00000000
0.68698810;74.70200000;216.00000000
0.69186560;75.12000000;197.00000000
0.69638070;75.56200000;182.00000000
0.70165500;75.99500000;166.00000000
0.70564350;76.42000000;152.00000000
0.70950030;76.87000000;141.00000000
0.71302750;77.30200000;139.00000000
0.71642320;77.73000000;134.00000000
0.71965460;78.16700000;116.00000000
0.72252040;78.60700000;103.00000000
0.72502870;79.04500000;91.00000000
0.72733440;79.48200000;87.00000000
0.72957350;79.91500000;90.00000000
0.73188360;80.33700000;96.00000000
0.73458490;80.79000000;108.00000000
0.73751860;81.23000000;118.00000000
0.74051780;81.64500000;127.00000000
0.74375120;82.06700000;135.00000000
0.74711220;82.48000000;142.00000000
0.75080250;82.91000000;150.00000000
0.75472840;83.34500000;157.00000000
0.75884960;83.78200000;163.00000000
0.76319860;84.23000000;161.00000000
0.76715430;84.66000000;152.00000000
0.77097820;85.09700000;147.00000000
0.77470300;85.52700000;148.00000000
0.77859320;85.96700000;151.00000000
0.78248260;86.40200000;153.00000000
0.78624050;86.81700000;157.00000000
0.79026220;87.24700000;162.00000000
0.79438110;87.67000000;167.00000000
0.79869890;88.10200000;173.00000000
0.80328250;88.54500000;178.00000000
0.80790040;88.98000000;184.00000000
0.81264390;89.41200000;188.00000000
0.81768830;89.86700000;190.00000000
0.82253380;90.30500000;187.00000000
0.82731370;90.73700000;189.00000000
0.83192870;91.16000000;184.00000000
0.83654360;91.59000000;179.00000000
0.84089490;92.01000000;175.00000000
0.84527900;92.44000000;172.00000000
0.84956460;92.86700000;168.00000000
0.85404760;93.32200000;166.00000000
0.85846470;93.77700000;167.00000000
0.86265130;94.20200000;167.00000000
0.86683760;94.62500000;169.00000000
0.87115590;95.06200000;168.00000000
0.87537530;95.49500000;165.00000000
0.87939700;95.91200000;161.00000000
0.88345150;96.34700000;153.00000000
0.88724220;96.78500000;139.00000000
0.89044000;97.20200000;122.00000000
0.89347270;97.66000000;103.00000000
0.89601050;98.11000000;88.00000000
0.89821950;98.54200000;83.00000000
0.90039410;98.97200000;83.00000000
0.90257050;99.39500000;91.00000000
0.90504260;99.83200000;99.00000000
0.90774580;100.27000000;110.00000000
0.91067700;100.70500000;120.00000000
0.91397100;101.15200000;129.00000000
0.91740360;101.59000000;137.00000000
0.92113270;102.04000000;145.00000000
0.92511760;102.49200000;153.00000000
0.92913900;102.93200000;160.00000000
0.93322670;103.35700000;165.00000000
0.93747900;103.78700000;171.00000000
0.94183020;104.21500000;176.00000000
0.94654570;104.66200000;182.00000000
0.95125860;105.09700000;187.00000000
0.95607050;105.53000000;192.00000000
0.96091660;105.95500000;196.00000000
0.96605900;106.39700000;200.00000000
0.97123440;106.83500000;203.00000000
0.97631080;107.25500000;207.00000000
0.98145340;107.67700000;210.00000000
0.98676040;108.10200000;213.00000000
0.99213210;108.53000000;216.00000000
0.99764170;108.96000000;219.00000000
