0.00000000;0.03500000
0.00500000;0.40032600
0.01000000;0.76950401
0.01500000;1.13444813
0.02000000;1.49827015
0.02500000;1.85935095
0.03000000;2.21762598
0.03500000;2.57279248
0.04000000;2.92482657
0.04500000;3.27640038
0.05000000;3.62396434
0.05500000;3.97176924
0.06000000;4.33162057
0.06500000;4.73002926
0.07000000;5.17207524
0.07500000;5.66252632
0.08000000;6.18269219
0.08500000;6.71319672
0.09000000;7.23548842
0.09500000;7.74642267
0.10000000;8.23732470
0.10500000;8.72235498
0.11000000;9.19942547
0.11500000;9.66028462
0.12000000;10.10714310
0.12500000;10.54548159
0.13000000;10.97247539
0.13500000;11.39188759
0.14000000;11.80087436
0.14500000;12.22786920
0.15000000;12.71564912
0.15500000;13.28892074
0.16000000;14.00832339
0.16500000;14.99885575
0.17000000;16.27005434
0.17500000;17.59084659
0.18000000;18.65872506
0.18500000;19.48406786
0.19000000;20.17191272
0.19500000;20.78834189
0.20000000;21.35741619
0.20500000;21.88967110
0.21000000;22.39669461
0.21500000;22.88254091
0.22000000;23.34705027
0.22500000;23.84041686
0.23000000;24.39556343
0.23500000;25.01210947
0.24000000;25.67641736
0.24500000;26.34631825
0.25000000;26.98293763
0.25500000;27.58933213
0.26000000;28.17479910
0.26500000;28.73623870
0.27000000;29.26568869
0.27500000;29.77185122
0.28000000;30.25377746
0.28500000;30.71963678
0.29000000;31.16795465
0.29500000;31.60392183
0.30000000;32.03202966
0.30500000;32.44789164
0.31000000;32.85811552
0.31500000;33.26093767
0.32000000;33.65496982
0.32500000;34.04184907
0.33000000;34.45227693
0.33500000;34.91187754
0.34000000;35.44998534
0.34500000;36.10732387
0.35000000;36.96636188
0.35500000;38.01588990
0.36000000;39.15600081
0.36500000;40.17855072
0.37000000;41.02626167
0.37500000;41.74026460
0.38000000;42.37418112
0.38500000;42.95270955
0.39000000;43.49298634
0.39500000;44.00505456
0.40000000;44.49239725
0.40500000;44.96496919
0.41000000;45.46003084
0.41500000;46.01986750
0.42000000;46.63599452
0.42500000;47.27882287
0.43000000;47.90626449
0.43500000;48.47945352
0.44000000;49.01915316
0.44500000;49.53396353
0.45000000;50.02324597
0.45500000;50.54117969
0.46000000;51.16001385
0.46500000;51.94543322
0.47000000;52.91108144
0.47500000;53.96976245
0.48000000;54.84666516
0.48500000;55.62082668
0.49000000;56.29979980
0.49500000;56.91874352
0.50000000;57.48943626
0.50500000;58.02840989
0.51000000;58.62508184
0.51500000;59.30573355
0.52000000;60.00910087
0.52500000;60.69565687
0.53000000;61.36093680
0.53500000;61.99138569
0.54000000;62.56797700
0.54500000;63.11127447
0.55000000;63.62504935
0.55500000;64.11679753
0.56000000;64.58917556
0.56500000;65.04320760
0.57000000;65.48528650
0.57500000;65.91824837
0.58000000;66.34036645
0.58500000;66.75236462
0.59000000;67.15971308
0.59500000;67.55635343
0.60000000;67.94749793
0.60500000;68.33401263
0.61000000;68.71388057
0.61500000;69.08672233
0.62000000;69.45633185
0.62500000;69.82389341
0.63000000;70.18798234
0.63500000;70.54880208
0.64000000;70.90646540
0.64500000;71.26139468
0.65000000;71.61444315
0.65500000;71.96246004
0.66000000;72.31140287
0.66500000;72.65608508
0.67000000;72.99729263
0.67500000;73.33864311
0.68000000;73.67590307
0.68500000;74.03198049
0.69000000;74.42458156
0.69500000;74.85935870
0.70000000;75.33637744
0.70500000;75.86438047
0.71000000;76.44701005
0.71500000;77.07115407
0.72000000;77.76824960
0.72500000;78.62797107
0.73000000;79.58689897
0.73500000;80.44544754
0.74000000;81.15430886
0.74500000;81.78171465
0.75000000;82.35394692
0.75500000;82.88971302
0.76000000;83.39858118
0.76500000;83.91556869
0.77000000;84.47929707
0.77500000;85.05071682
0.78000000;85.61166039
0.78500000;86.16088716
0.79000000;86.68717379
0.79500000;87.19036027
0.80000000;87.67186859
0.80500000;88.13525409
0.81000000;88.58145222
0.81500000;89.01857559
0.82000000;89.45839667
0.82500000;89.90443146
0.83000000;90.34946083
0.83500000;90.80552275
0.84000000;91.28056297
0.84500000;91.76702309
0.85000000;92.26279069
0.85500000;92.77303528
0.86000000;93.28534398
0.86500000;93.78975422
0.87000000;94.29327620
0.87500000;94.79899231
0.88000000;95.31259894
0.88500000;95.86988371
0.89000000;96.53121872
0.89500000;97.38495363
0.90000000;98.38085202
0.90500000;99.33682232
0.91000000;100.13657462
0.91500000;100.80739105
0.92000000;101.41159905
0.92500000;101.96930090
0.93000000;102.49449035
0.93500000;102.99739132
0.94000000;103.47548665
0.94500000;103.93741822
0.95000000;104.38246401
0.95500000;104.81881948
0.96000000;105.24548535
0.96500000;105.66064434
0.97000000;106.06856647
0.97500000;106.46996178
0.98000000;106.86249479
0.98500000;107.25148174
0.99000000;107.63279042
0.99500000;108.00686865
1.00000000;108.34700000
