0.00120892;0.11700000;234.00000000
0.00726504;0.55200000;238.00000000
0.01346270;0.99500000;241.00000000
0.01965699;1.43000000;244.00000000
0.02589381;1.86200000;246.00000000
0.03235448;2.30700000;249.00000000
0.03898092;2.75700000;252.00000000
0.04537544;3.19000000;254.00000000
0.05177217;3.62500000;240.00000000
0.05757249;4.06000000;217.00000000
0.06281269;4.49200000;196.00000000
0.06759293;4.92500000;180.00000000
0.07191094;5.35000000;166.00000000
0.07606462;5.78700000;157.00000000
0.08011918;6.23200000;153.00000000
0.08414082;6.68500000;153.00000000
0.08803061;7.11500000;157.00000000
0.09205208;7.54700000;160.00000000
0.09617279;7.97700000;168.00000000
0.10039200;8.40200000;169.00000000
0.10471040;8.83200000;169.00000000
0.10892970;9.25700000;172.00000000
0.11337990;9.69000000;179.00000000
0.11782490;10.10500000;185.00000000
0.12250930;10.53000000;191.00000000
0.12739170;10.96000000;196.00000000
0.13266380;11.41200000;201.00000000
0.13774030;11.83500000;206.00000000
0.14265200;12.26000000;187.00000000
0.14723280;12.70000000;167.00000000
0.15112870;13.12500000;147.00000000
0.15452720;13.54000000;130.00000000
0.15768250;13.98700000;110.00000000
0.16025510;14.41200000;95.00000000
0.16255870;14.84500000;83.00000000
0.16460640;15.28700000;73.00000000
0.16638620;15.71200000;66.00000000
0.16813300;16.15000000;63.00000000
0.16974950;16.58200000;61.00000000
0.17132920;17.01200000;60.00000000
0.17301140;17.46000000;66.00000000
0.17485460;17.90200000;73.00000000
0.17676850;18.33500000;79.00000000
0.17881320;18.76500000;84.00000000
0.18098740;19.19500000;89.00000000
0.18335990;19.62500000;100.00000000
0.18603030;20.05000000;112.00000000
0.18903150;20.48500000;122.00000000
0.19216390;20.90700000;131.00000000
0.19562370;21.34000000;141.00000000
0.19944890;21.78500000;150.00000000
0.20330510;22.21200000;157.00000000
0.20749140;22.65500000;165.00000000
0.21161080;23.07000000;172.00000000
0.21587020;23.48200000;178.00000000
0.22038210;23.91000000;174.00000000
0.22453390;24.34000000;157.00000000
0.22835770;24.77000000;144.00000000
0.23188490;25.20200000;134.00000000
0.23521440;25.63500000;127.00000000
0.23837890;26.06500000;123.00000000
0.24151030;26.50000000;122.00000000
0.24464190;26.92700000;125.00000000
0.24783970;27.35200000;130.00000000
0.25120190;27.78700000;134.00000000
0.25469610;28.22500000;138.00000000
0.25832210;28.66000000;141.00000000
0.26184760;29.08700000;144.00000000
0.26560760;29.51700000;153.00000000
0.26958770;29.95000000;160.00000000
0.27374660;30.38000000;168.00000000
0.27806760;30.81000000;174.00000000
0.28264950;31.25000000;181.00000000
0.28752820;31.69700000;188.00000000
0.29247280;32.14000000;194.00000000
0.29751630;32.57500000;199.00000000
0.30255990;33.00000000;204.00000000
0.30776820;33.43000000;209.00000000
0.31314130;33.86200000;214.00000000
0.31854740;34.28700000;218.00000000
0.32401890;34.71700000;212.00000000
0.32913310;35.15000000;190.00000000
0.33364680;35.58000000;169.00000000
0.33767070;36.01000000;150.00000000
0.34122610;36.44000000;130.00000000
0.34432540;36.87200000;113.00000000
0.34696240;37.29500000;99.00000000
0.34933620;37.72200000;88.00000000
0.35147850;38.14700000;81.00000000
0.35348910;38.57700000;77.00000000
0.35540040;38.99700000;74.00000000
0.35728040;39.43000000;72.00000000
0.35922350;39.87500000;74.00000000
0.36120290;40.30000000;82.00000000
0.36334570;40.73200000;88.00000000
0.36565230;41.17000000;94.00000000
0.36815740;41.61000000;100.00000000
0.37096130;42.07000000;108.00000000
0.37385890;42.50200000;120.00000000
0.37709010;42.94200000;129.00000000
0.38058310;43.38700000;140.00000000
0.38424210;43.81700000;149.00000000
0.38826670;44.26200000;157.00000000
0.39228700;44.69000000;164.00000000
0.39667220;45.13500000;172.00000000
0.40086090;45.55700000;178.00000000
0.40507920;45.98200000;176.00000000
0.40985690;46.45000000;156.00000000
0.41341760;46.88700000;142.00000000
0.41753800;47.34700000;133.00000000
0.42063670;47.78500000;130.00000000
0.42429570;48.23700000;126.00000000
0.42722880;48.67700000;131.00000000
0.43049330;49.10200000;140.00000000
0.43471110;49.53500000;150.00000000
0.43830380;49.96500000;157.00000000
0.44209700;50.39500000;164.00000000
0.44605190;50.82700000;171.00000000
0.45116190;51.25700000;166.00000000
0.45485760;51.68500000;149.00000000
0.45808380;52.11500000;132.00000000
0.46171000;52.55200000;113.00000000
0.46421170;52.99200000;101.00000000
0.46645710;53.42200000;91.00000000
0.46902820;53.85500000;81.00000000
0.47087350;54.29500000;78.00000000
0.47318040;54.73200000;80.00000000
0.47519220;55.15200000;88.00000000
0.47736730;55.58200000;96.00000000
0.47967510;56.02000000;102.00000000
0.48277360;56.45000000;106.00000000
0.48537760;56.88000000;116.00000000
0.48824610;57.31000000;124.00000000
0.49206700;57.74200000;132.00000000
0.49523160;58.18200000;141.00000000
0.49869610;58.61700000;150.00000000
0.50321240;59.05700000;157.00000000
0.50670960;59.48500000;141.00000000
0.51059500;59.93200000;126.00000000
0.51352920;60.37000000;119.00000000
0.51629790;60.80000000;116.00000000
0.51906700;61.22700000;117.00000000
0.52259420;61.67200000;122.00000000
0.52549490;62.10000000;125.00000000
0.52912100;62.53700000;123.00000000
0.53202190;62.96700000;129.00000000
0.53515340;63.42700000;138.00000000
0.53933980;63.86000000;148.00000000
0.54306290;64.29700000;156.00000000
0.54764200;64.73200000;164.00000000
0.55160300;65.16200000;171.00000000
0.55568950;65.60000000;177.00000000
0.56096540;66.03000000;185.00000000
0.56551390;66.46200000;191.00000000
0.57002870;66.90000000;196.00000000
0.57579800;67.33500000;201.00000000
0.58060970;67.76700000;206.00000000
0.58558920;68.19500000;211.00000000
0.59053410;68.61700000;215.00000000
0.59686200;69.03500000;220.00000000
0.60203750;69.48500000;224.00000000
0.60741070;69.91200000;227.00000000
0.61420100;70.34200000;232.00000000
0.61960740;70.78200000;235.00000000
0.62521140;71.21200000;238.00000000
0.63233140;71.64500000;242.00000000
0.63787030;72.08500000;245.00000000
0.64508860;72.53200000;247.00000000
0.65102200;72.96700000;250.00000000
0.65689030;73.39700000;252.00000000
0.66282330;73.82700000;255.00000000
0.67027310;74.26000000;257.00000000
0.67637100;74.71500000;249.00000000
0.68323210;75.13700000;221.00000000
0.68817420;75.56700000;202.00000000
0.69285440;75.97700000;185.00000000
0.69763340;76.40500000;171.00000000
0.70175390;76.82700000;159.00000000
0.70564350;77.26000000;146.00000000
0.70926950;77.70000000;136.00000000
0.71276400;78.14700000;133.00000000
0.71606080;78.58000000;128.00000000
0.71909340;79.00700000;112.00000000
0.72179230;79.44200000;97.00000000
0.72423660;79.88200000;90.00000000
0.72644490;80.31000000;86.00000000
0.72858730;80.72700000;86.00000000
0.73076070;81.15700000;88.00000000
0.73310390;81.58500000;100.00000000
0.73587040;82.02500000;112.00000000
0.73890290;82.46200000;123.00000000
0.74216790;82.89200000;134.00000000
0.74576060;83.33500000;144.00000000
0.74971640;83.78700000;153.00000000
0.75367280;84.21700000;160.00000000
0.75789560;84.65200000;168.00000000
0.76197890;85.07500000;157.00000000
0.76583580;85.50200000;148.00000000
0.76942890;85.92700000;142.00000000
0.77298900;86.35200000;142.00000000
0.77661500;86.78000000;147.00000000
0.78060380;87.24200000;147.00000000
0.78452630;87.69200000;151.00000000
0.78828420;88.11000000;156.00000000
0.79234110;88.54000000;163.00000000
0.79665420;88.97700000;171.00000000
0.80107490;89.41000000;178.00000000
0.80555810;89.83200000;184.00000000
0.81024220;90.25700000;190.00000000
0.81511700;90.69200000;187.00000000
0.81979790;91.12500000;183.00000000
0.82464360;91.57700000;182.00000000
0.82942350;92.02700000;178.00000000
0.83377470;92.44700000;173.00000000
0.83812590;92.88000000;169.00000000
0.84234530;93.31000000;166.00000000
0.84666360;93.75500000;163.00000000
0.85068530;94.17700000;160.00000000
0.85487170;94.62500000;158.00000000
0.85899220;95.06500000;160.00000000
0.86321170;95.51200000;161.00000000
0.86746400;95.96000000;163.00000000
0.87171630;96.41000000;160.00000000
0.87583680;96.85000000;158.00000000
0.87969370;97.26700000;154.00000000
0.88355040;97.70000000;147.00000000
0.88714330;98.12700000;135.00000000
0.89053890;98.58200000;117.00000000
0.89327480;99.01500000;99.00000000
0.89564790;99.44500000;87.00000000
0.89775780;99.86500000;81.00000000
0.89996600;100.32200000;81.00000000
0.90204280;100.74500000;86.00000000
0.90425280;101.16200000;93.00000000
0.90675670;101.59200000;104.00000000
0.90945980;102.01000000;116.00000000
0.91254900;102.44200000;126.00000000
0.91591720;102.88200000;136.00000000
0.91958170;103.32500000;146.00000000
0.92337050;103.75200000;154.00000000
0.92732610;104.18000000;161.00000000
0.93144670;104.60200000;169.00000000
0.93573190;105.02700000;176.00000000
0.94024740;105.45500000;182.00000000
0.94496240;105.88700000;189.00000000
0.94987400;106.32500000;195.00000000
0.95518030;106.78000000;200.00000000
0.96048810;107.22700000;205.00000000
0.96582820;107.66500000;210.00000000
0.97116850;108.09500000;214.00000000
0.97654150;108.51700000;219.00000000
0.98247530;108.97500000;223.00000000
0.98811140;109.40000000;227.00000000
0.99397960;109.83700000;230.00000000
