0.99615850;0.04500000
0.00115750;0.85869173
0.00615750;1.54335768
0.01115750;2.19888164
0.01615750;2.83215809
0.02115750;3.45189499
0.02615750;4.05892966
0.03115750;4.65352657
0.03615750;5.25903065
0.04115750;6.03390829
0.04615750;7.20563335
0.05115750;9.04748903
0.05615750;10.63583976
0.06115750;11.74937248
0.06615750;12.68319846
0.07115750;13.51538205
0.07615750;14.27384092
0.08115750;14.98184398
0.08615750;15.65195032
0.09115750;16.29477617
0.09615750;16.90522428
0.10115750;17.50580843
0.10615750;18.10366121
0.11115750;18.67051636
0.11615750;19.22112287
0.12115750;19.76959166
0.12615750;20.30879980
0.13115750;20.84538027
0.13615750;21.37082717
0.14115750;21.87661195
0.14615750;22.38390047
0.15115750;22.90223746
0.15615750;23.41753349
0.16115750;23.91994065
0.16615750;24.43039888
0.17115750;24.95083902
0.17615750;25.46766093
0.18115750;25.99156713
0.18615750;26.51091745
0.19115750;27.02605763
0.19615750;27.53497541
0.20115750;28.03584968
0.20615750;28.53676444
0.21115750;29.03198086
0.21615750;29.52646786
0.22115750;30.02483102
0.22615750;30.51860970
0.23115750;30.99831186
0.23615750;31.48488779
0.24115750;31.98006680
0.24615750;32.46933129
0.25115750;32.95401419
0.25615750;33.43619121
0.26115750;33.90851135
0.26615750;34.38311680
0.27115750;34.86466396
0.27615750;35.34549470
0.28115750;35.81907862
0.28615750;36.29009786
0.29115750;36.76010378
0.29615750;37.22247467
0.30115750;37.69123491
0.30615750;38.16704996
0.31115750;38.63516876
0.31615750;39.09606381
0.32115750;39.56219457
0.32615750;40.07484601
0.33115750;40.69828019
0.33615750;41.51425201
0.34115750;42.50466568
0.34615750;43.57168520
0.35115750;44.62042249
0.35615750;45.67128760
0.36115750;46.65577311
0.36615750;47.54752904
0.37115750;48.39549749
0.37615750;49.27319448
0.38115750;50.10735090
0.38615750;50.88883273
0.39115750;51.61863093
0.39615750;52.30651534
0.40115750;52.96904176
0.40615750;53.60668517
0.41115750;54.22045301
0.41615750;54.86078054
0.42115750;55.66918897
0.42615750;56.75405365
0.43115750;58.12872583
0.43615750;59.41574987
0.44115750;60.55062525
0.44615750;61.62011170
0.45115750;62.57765355
0.45615750;63.41901994
0.46115750;64.33667435
0.46615750;65.25116232
0.47115750;66.17053476
0.47615750;67.03122902
0.48115750;67.82238271
0.48615750;68.54777971
0.49115750;69.23172650
0.49615750;69.88431178
0.50115750;70.51125921
0.50615750;71.12013683
0.51115750;71.70708118
0.51615750;72.26398225
0.52115750;72.81891791
0.52615750;73.37297461
0.53115750;73.95646945
0.53615750;74.63955151
0.54115750;75.35732734
0.54615750;76.11536833
0.55115750;76.88196302
0.55615750;77.62429184
0.56115750;78.31725462
0.56615750;78.98982638
0.57115750;79.64323097
0.57615750;80.26842459
0.58115750;80.87645527
0.58615750;81.46958776
0.59115750;82.04271880
0.59615750;82.59901588
0.60115750;83.15848865
0.60615750;83.70672238
0.61115750;84.25702009
0.61615750;84.79385993
0.62115750;85.32137059
0.62615750;85.87820062
0.63115750;86.53258094
0.63615750;87.33099542
0.64115750;88.35565587
0.64615750;89.46846473
0.65115750;90.48218266
0.65615750;91.37706018
0.66115750;92.26918780
0.66615750;93.19183955
0.67115750;94.06671022
0.67615750;94.87862545
0.68115750;95.61903354
0.68615750;96.32380317
0.69115750;97.02048564
0.69615750;97.88949014
0.70115750;98.89435921
0.70615750;99.93582367
0.71115750;100.88189385
0.71615750;101.73511132
0.72115750;102.51226137
0.72615750;103.25518865
0.73115750;103.95652525
0.73615750;104.63246244
0.74115750;105.29666354
0.74615750;105.95104762
0.75115750;106.59347427
0.75615750;107.22758307
0.76115750;107.83948483
0.76615750;108.43551282
0.77115750;109.01794974
0.77615750;109.57833080
0.78115750;110.14347176
0.78615750;110.70456262
0.79115750;111.25702993
0.79615750;111.80203996
0.80115750;112.33998158
0.80615750;112.87136038
0.81115750;113.38617960
0.81615750;113.90308590
0.82115750;114.41749996
0.82615750;114.92894303
0.83115750;115.44611618
0.83615750;115.95076520
0.84115750;116.44159077
0.84615750;116.93525949
0.85115750;117.42765470
0.85615750;117.91974668
0.86115750;118.40999004
0.86615750;118.89872728
0.87115750;119.39613059
0.87615750;119.88901900
0.88115750;120.37209559
0.88615750;120.86147027
0.89115750;121.34819292
0.89615750;121.83521918
0.90115750;122.32684944
0.90615750;122.81333855
0.91115750;123.28759307
0.91615750;123.75568679
0.92115750;124.23283886
0.92615750;124.71418453
0.93115750;125.18804247
0.93615750;125.66131848
0.94115750;126.14956063
0.94615750;126.72153107
0.95115750;127.44304297
0.95615750;128.45738810
0.96115750;130.11766500
0.96615750;131.87570080
0.97115750;133.55263380
0.97615750;134.86848669
0.98115750;135.92916507
0.98615750;136.82217384
0.99115750;137.65375206
0.99615750;138.36200000
