0.00067834;0.00000000;178.00000000
0.00383265;0.43500000;184.00000000
0.00712261;0.87300000;189.00000000
0.01049821;1.31300000;193.00000000
0.01388103;1.74500000;197.00000000
0.01735908;2.18000000;201.00000000
0.02096706;2.62000000;205.00000000
0.02457853;3.05500000;209.00000000
0.02822941;3.48800000;213.00000000
0.03205157;3.93500000;210.00000000
0.03564259;4.39000000;184.00000000
0.03878210;4.84500000;160.00000000
0.04149230;5.30000000;137.00000000
0.04370614;5.73500000;118.00000000
0.04560740;6.17300000;98.00000000
0.04727381;6.62800000;84.00000000
0.04869082;7.08000000;72.00000000
0.04995048;7.51300000;68.00000000
0.05116470;7.94800000;67.00000000
0.05231268;8.36300000;69.00000000
0.05359535;8.79300000;75.00000000
0.05485493;9.20800000;79.00000000
0.05631951;9.65800000;84.00000000
0.05780555;10.09000000;90.00000000
0.05937995;10.50500000;101.00000000
0.06122484;10.93000000;113.00000000
0.06322762;11.34800000;125.00000000
0.06548024;11.78500000;133.00000000
0.06786695;12.21800000;142.00000000
0.07032231;12.63300000;151.00000000
0.07295659;13.05500000;158.00000000
0.07574697;13.48500000;166.00000000
0.07874062;13.92300000;173.00000000
0.08186971;14.36500000;180.00000000
0.08493634;14.78300000;187.00000000
0.08829241;15.22300000;192.00000000
0.09167074;15.65500000;197.00000000
0.09509767;16.08000000;202.00000000
0.09876006;16.52800000;207.00000000
0.10222120;16.94000000;211.00000000
0.10600790;17.38300000;216.00000000
0.10976990;17.81300000;220.00000000
0.11355610;18.23800000;224.00000000
0.11740240;18.66300000;228.00000000
0.12143140;19.10000000;231.00000000
0.12546440;19.53300000;234.00000000
0.12961300;19.97300000;237.00000000
0.13369680;20.40000000;239.00000000
0.13787500;20.83000000;242.00000000
0.14213000;21.26800000;244.00000000
0.14658460;21.72000000;245.00000000
0.15079430;22.14800000;246.00000000
0.15504760;22.58500000;236.00000000
0.15905420;23.01500000;229.00000000
0.16293020;23.44500000;223.00000000
0.16684590;23.88800000;216.00000000
0.17057680;24.32500000;213.00000000
0.17425790;24.75500000;215.00000000
0.17801060;25.18500000;218.00000000
0.18177160;25.61500000;220.00000000
0.18555430;26.04300000;222.00000000
0.18940610;26.47300000;225.00000000
0.19334510;26.90800000;227.00000000
0.19759940;27.37000000;229.00000000
0.20163120;27.80800000;231.00000000
0.20564030;28.24000000;232.00000000
0.20962340;28.66800000;234.00000000
0.21374410;29.10500000;235.00000000
0.21783970;29.53800000;237.00000000
0.22207160;29.98000000;238.00000000
0.22632960;30.42500000;239.00000000
0.23056060;30.86500000;240.00000000
0.23479570;31.30300000;241.00000000
0.23900690;31.73500000;243.00000000
0.24314850;32.16000000;244.00000000
0.24723700;32.57800000;245.00000000
0.25156410;33.01500000;246.00000000
0.25584190;33.44800000;248.00000000
0.26011990;33.87800000;249.00000000
0.26449020;34.31500000;250.00000000
0.26912430;34.77500000;251.00000000
0.27360810;35.22000000;252.00000000
0.27812770;35.66800000;253.00000000
0.28250010;36.09800000;254.00000000
0.28699470;36.53800000;255.00000000
0.29141710;36.97000000;256.00000000
0.29594790;37.41300000;256.00000000
0.30030400;37.83500000;257.00000000
0.30503000;38.29300000;258.00000000
0.30975100;38.74800000;259.00000000
0.31434740;39.19000000;259.00000000
0.31894410;39.63300000;260.00000000
0.32336000;40.06800000;240.00000000
0.32725560;40.49500000;214.00000000
0.33084510;40.94000000;188.00000000
0.33388420;41.36800000;166.00000000
0.33669640;41.81800000;145.00000000
0.33906260;42.25000000;129.00000000
0.34113460;42.67000000;117.00000000
0.34313630;43.10500000;112.00000000
0.34509530;43.53800000;109.00000000
0.34698690;43.96500000;112.00000000
0.34899040;44.39800000;121.00000000
0.35119700;44.84000000;118.00000000
0.35320130;45.28300000;109.00000000
0.35515930;45.72500000;110.00000000
0.35718390;46.17300000;112.00000000
0.35916400;46.60500000;119.00000000
0.36132790;47.04300000;127.00000000
0.36362700;47.48000000;135.00000000
0.36612350;47.92500000;144.00000000
0.36871240;48.36500000;145.00000000
0.37114680;48.79500000;138.00000000
0.37360480;49.24000000;136.00000000
0.37584840;49.65000000;136.00000000
0.37830220;50.08800000;140.00000000
0.38077890;50.52500000;144.00000000
0.38339150;50.96300000;152.00000000
0.38611750;51.40000000;158.00000000
0.38893220;51.83500000;165.00000000
0.39181630;52.26000000;172.00000000
0.39489810;52.69800000;178.00000000
0.39816130;53.14500000;185.00000000
0.40158170;53.59800000;191.00000000
0.40491630;54.02800000;196.00000000
0.40833510;54.46000000;201.00000000
0.41196680;54.90500000;199.00000000
0.41534680;55.35500000;177.00000000
0.41827090;55.79500000;156.00000000
0.42088070;56.23300000;139.00000000
0.42324680;56.68500000;123.00000000
0.42531510;57.12800000;110.00000000
0.42722930;57.57500000;103.00000000
0.42903110;58.02800000;97.00000000
0.43065200;58.44500000;94.00000000
0.43229510;58.88800000;91.00000000
0.43395920;59.33300000;90.00000000
0.43551610;59.76800000;89.00000000
0.43713490;60.20800000;89.00000000
0.43871090;60.63300000;94.00000000
0.44033260;61.06000000;96.00000000
0.44211480;61.49800000;105.00000000
0.44407030;61.93500000;116.00000000
0.44613920;62.35800000;126.00000000
0.44838790;62.78300000;136.00000000
0.45082260;63.21800000;145.00000000
0.45332490;63.63300000;154.00000000
0.45603030;64.06000000;161.00000000
0.45875320;64.50500000;144.00000000
0.46110850;64.93500000;130.00000000
0.46327490;65.36300000;122.00000000
0.46537020;65.79500000;119.00000000
0.46744050;66.22300000;121.00000000
0.46951320;66.64300000;124.00000000
0.47173310;67.08500000;127.00000000
0.47408070;67.53000000;137.00000000
0.47656070;67.96500000;146.00000000
0.47920470;68.40300000;154.00000000
0.48209180;68.85800000;162.00000000
0.48504870;69.30300000;169.00000000
0.48809370;69.74000000;177.00000000
0.49115080;70.16500000;183.00000000
0.49452580;70.61300000;190.00000000
0.49790060;71.05000000;195.00000000
0.50141330;71.49300000;200.00000000
0.50508580;71.94300000;206.00000000
0.50864290;72.37000000;211.00000000
0.51233970;72.80000000;215.00000000
0.51629800;73.25500000;220.00000000
0.52010300;73.68000000;225.00000000
0.52412830;74.12300000;229.00000000
0.52804940;74.55000000;220.00000000
0.53158810;74.97500000;196.00000000
0.53478560;75.40300000;178.00000000
0.53770980;75.82500000;168.00000000
0.54061630;76.26300000;164.00000000
0.54342730;76.69300000;162.00000000
0.54615240;77.11000000;161.00000000
0.54901050;77.54500000;164.00000000
0.55182710;77.97000000;165.00000000
0.55475240;78.40500000;171.00000000
0.55772500;78.83000000;177.00000000
0.56062970;79.25500000;184.00000000
0.56362470;79.70300000;188.00000000
0.56738320;80.15000000;187.00000000
0.57039920;80.58000000;190.00000000
0.57348520;81.00800000;194.00000000
0.57742540;81.43500000;195.00000000
0.58046390;81.86000000;195.00000000
0.58359370;82.30000000;198.00000000
0.58685400;82.71500000;202.00000000
0.59094910;83.12800000;207.00000000
0.59430890;83.56500000;211.00000000
0.59777800;84.00500000;215.00000000
0.60212950;84.43500000;219.00000000
0.60556860;84.86000000;222.00000000
0.60924150;85.29000000;226.00000000
0.61383910;85.73500000;229.00000000
0.61755470;86.17800000;231.00000000
0.62110420;86.59000000;226.00000000
0.62466160;87.00500000;202.00000000
0.62835350;87.42300000;177.00000000
0.63110140;87.85500000;156.00000000
0.63344300;88.27500000;144.00000000
0.63573880;88.71800000;135.00000000
0.63839410;89.14500000;130.00000000
0.64055680;89.57500000;128.00000000
0.64256120;90.00000000;126.00000000
0.64510410;90.43300000;128.00000000
0.64715350;90.86300000;131.00000000
0.64926940;91.28500000;128.00000000
0.65129630;91.71300000;132.00000000
0.65411510;92.13800000;142.00000000
0.65636120;92.57000000;142.00000000
0.65864040;93.00500000;133.00000000
0.66122250;93.42800000;130.00000000
0.66336570;93.85800000;129.00000000
0.66538750;94.29800000;129.00000000
0.66743700;94.72000000;132.00000000
0.67025400;95.14800000;141.00000000
0.67255050;95.57000000;148.00000000
0.67500440;96.00500000;155.00000000
0.67817990;96.43000000;162.00000000
0.68085550;96.85300000;168.00000000
0.68357690;97.29500000;174.00000000
0.68637360;97.71300000;180.00000000
0.69004580;98.13000000;177.00000000
0.69272740;98.57500000;157.00000000
0.69564780;99.02000000;137.00000000
0.69774470;99.44000000;125.00000000
0.69970320;99.88000000;117.00000000
0.70163950;100.30000000;117.00000000
0.70402640;100.73800000;118.00000000
0.70589460;101.18300000;118.00000000
0.70778580;101.61300000;117.00000000
0.71014970;102.05800000;127.00000000
0.71233340;102.48300000;135.00000000
0.71514740;102.93000000;146.00000000
0.71758190;103.38500000;154.00000000
0.72073050;103.83300000;161.00000000
0.72336580;104.26300000;167.00000000
0.72604320;104.69500000;173.00000000
0.72888240;105.11300000;170.00000000
0.73221460;105.57000000;161.00000000
0.73475860;106.00300000;160.00000000
0.73732770;106.41800000;163.00000000
0.74065400;106.86000000;167.00000000
0.74340360;107.29800000;171.00000000
0.74617080;107.71300000;176.00000000
0.74975310;108.14300000;181.00000000
0.75265510;108.57300000;185.00000000
0.75574130;109.01000000;189.00000000
0.75954700;109.45000000;193.00000000
0.76265340;109.91000000;196.00000000
0.76661850;110.35300000;201.00000000
0.76995150;110.79500000;204.00000000
0.77402490;111.24300000;208.00000000
0.77744690;111.68000000;212.00000000
0.78089220;112.12000000;215.00000000
0.78521350;112.55500000;218.00000000
0.78868180;113.00500000;221.00000000
0.79322680;113.43500000;225.00000000
0.79687210;113.87000000;227.00000000
0.80039950;114.30500000;229.00000000
0.80505100;114.74800000;231.00000000
0.80888740;115.17000000;233.00000000
0.81250120;115.60000000;235.00000000
0.81734090;116.03500000;237.00000000
0.82103680;116.47800000;239.00000000
0.82487670;116.89500000;240.00000000
0.82967750;117.32000000;242.00000000
0.83359940;117.75500000;243.00000000
0.83759150;118.19800000;244.00000000
0.84255400;118.64000000;244.00000000
0.84672290;119.06500000;245.00000000
0.85096010;119.49500000;246.00000000
0.85516250;119.92000000;247.00000000
0.85942610;120.34800000;248.00000000
0.86364330;120.77000000;249.00000000
0.86793460;121.19800000;251.00000000
0.87225980;121.62800000;252.00000000
0.87644820;122.04800000;241.00000000
0.88054320;122.47800000;235.00000000
0.88461120;122.91300000;231.00000000
0.88866820;123.35500000;229.00000000
0.89268220;123.79300000;231.00000000
0.89664760;124.21800000;232.00000000
0.90076460;124.65800000;234.00000000
0.90485110;125.09300000;236.00000000
0.90899480;125.52800000;238.00000000
0.91299710;125.94800000;239.00000000
0.91699990;126.36300000;241.00000000
0.92129390;126.80500000;243.00000000
0.92557420;127.24300000;244.00000000
0.92981350;127.67500000;245.00000000
0.93403280;128.10500000;246.00000000
0.93832600;128.54000000;244.00000000
0.94241730;128.98300000;217.00000000
0.94607380;129.43000000;191.00000000
0.94913700;129.85300000;169.00000000
0.95182480;130.28000000;147.00000000
0.95419740;130.71500000;125.00000000
0.95622030;131.15000000;105.00000000
0.95786120;131.57000000;88.00000000
0.95934520;132.01300000;77.00000000
0.96060620;132.44000000;68.00000000
0.96177560;132.87000000;63.00000000
0.96290050;133.29000000;65.00000000
0.96404960;133.72000000;69.00000000
0.96540020;134.17800000;80.00000000
0.96675270;134.60800000;70.00000000
0.96794500;135.04000000;62.00000000
0.96904620;135.46500000;60.00000000
0.97017370;135.90000000;63.00000000
0.97132030;136.33300000;66.00000000
0.97260210;136.77800000;77.00000000
0.97409100;137.22800000;89.00000000
0.97573590;137.66500000;97.00000000
0.97751140;138.09800000;108.00000000
0.97951650;138.53500000;118.00000000
0.98174200;138.98500000;127.00000000
0.98404270;139.42000000;136.00000000
0.98650780;139.85800000;145.00000000
0.98908000;140.28800000;153.00000000
0.99188140;140.73500000;159.00000000
0.99465240;141.16000000;165.00000000
0.99739100;141.56200000;171.00000000
