0.00050041;0.00000000;157.00000000
0.00329111;0.43800000;161.00000000
0.00615181;0.87300000;165.00000000
0.00905707;1.30500000;169.00000000
0.01207484;1.74500000;173.00000000
0.01516641;2.18800000;176.00000000
0.01839024;2.64000000;179.00000000
0.02159934;3.08300000;183.00000000
0.02480700;3.51500000;186.00000000
0.02805016;3.94800000;189.00000000
0.03136296;4.38300000;191.00000000
0.03491327;4.85300000;179.00000000
0.03781037;5.28000000;159.00000000
0.04027477;5.69000000;142.00000000
0.04255549;6.11500000;124.00000000
0.04457698;6.55300000;106.00000000
0.04623754;6.97500000;90.00000000
0.04772281;7.41500000;77.00000000
0.04907435;7.86500000;69.00000000
0.05033246;8.31800000;65.00000000
0.05150226;8.75000000;65.00000000
0.05274054;9.19800000;67.00000000
0.05393205;9.62800000;69.00000000
0.05528356;10.09000000;78.00000000
0.05679263;10.53800000;87.00000000
0.05845772;10.98800000;96.00000000
0.06039453;11.46300000;106.00000000
0.06230383;11.89500000;113.00000000
0.06435376;12.32800000;120.00000000
0.06649537;12.76000000;127.00000000
0.06878960;13.19800000;134.00000000
0.07117602;13.63300000;140.00000000
0.07372163;14.07300000;146.00000000
0.07629041;14.50300000;152.00000000
0.07912237;14.95800000;158.00000000
0.08195884;15.39500000;163.00000000
0.08480131;15.82500000;168.00000000
0.08766210;16.24300000;172.00000000
0.09074896;16.68300000;177.00000000
0.09399097;17.13300000;181.00000000
0.09728152;17.58000000;185.00000000
0.10057490;18.01800000;189.00000000
0.10397520;18.46300000;193.00000000
0.10749220;18.91300000;196.00000000
0.11107770;19.36500000;200.00000000
0.11459770;19.80000000;203.00000000
0.11813820;20.23300000;206.00000000
0.12197240;20.69000000;210.00000000
0.12560030;21.12000000;212.00000000
0.12938760;21.56000000;215.00000000
0.13324400;22.00500000;218.00000000
0.13690950;22.42000000;220.00000000
0.14075690;22.85500000;222.00000000
0.14483140;23.31000000;224.00000000
0.14881620;23.75300000;225.00000000
0.15284140;24.19800000;225.00000000
0.15689510;24.66000000;211.00000000
0.16060910;25.10300000;208.00000000
0.16416340;25.53300000;203.00000000
0.16772600;25.97800000;197.00000000
0.17114100;26.41300000;195.00000000
0.17455170;26.85000000;196.00000000
0.17801060;27.28800000;198.00000000
0.18145940;27.72300000;199.00000000
0.18496750;28.16300000;200.00000000
0.18848280;28.59800000;202.00000000
0.19210680;29.04500000;203.00000000
0.19564190;29.47500000;205.00000000
0.19924320;29.91300000;206.00000000
0.20273450;30.33300000;208.00000000
0.20633790;30.76300000;210.00000000
0.21011850;31.21000000;211.00000000
0.21381160;31.64500000;213.00000000
0.21763740;32.09000000;214.00000000
0.22148780;32.53800000;215.00000000
0.22531550;32.97800000;216.00000000
0.22914450;33.41800000;217.00000000
0.23294850;33.85300000;218.00000000
0.23675500;34.28500000;220.00000000
0.24061250;34.72300000;221.00000000
0.24463320;35.17500000;222.00000000
0.24858930;35.61800000;223.00000000
0.25246610;36.05000000;224.00000000
0.25640540;36.48500000;225.00000000
0.26043570;36.93000000;226.00000000
0.26439990;37.36800000;227.00000000
0.26838280;37.80300000;228.00000000
0.27247660;38.24800000;229.00000000
0.27656890;38.69300000;230.00000000
0.28087690;39.15800000;231.00000000
0.28485790;39.58800000;232.00000000
0.28875390;40.00500000;233.00000000
0.29290390;40.45000000;233.00000000
0.29669140;40.85300000;234.00000000
0.30086960;41.29800000;235.00000000
0.30507620;41.74300000;236.00000000
0.30930180;42.19000000;236.00000000
0.31362620;42.64500000;237.00000000
0.31781030;43.08500000;237.00000000
0.32189470;43.51800000;229.00000000
0.32585250;43.97000000;208.00000000
0.32935910;44.41000000;188.00000000
0.33237500;44.83000000;170.00000000
0.33527270;45.27800000;152.00000000
0.33784650;45.72500000;135.00000000
0.34003480;46.15800000;118.00000000
0.34198700;46.58500000;110.00000000
0.34396980;47.03500000;107.00000000
0.34586020;47.47800000;105.00000000
0.34773000;47.91000000;110.00000000
0.34973230;48.34800000;116.00000000
0.35176020;48.78500000;110.00000000
0.35360620;49.21300000;105.00000000
0.35554140;49.66800000;105.00000000
0.35738670;50.09300000;109.00000000
0.35932180;50.52300000;115.00000000
0.36141810;50.96300000;121.00000000
0.36367220;51.41300000;127.00000000
0.36598890;51.86000000;133.00000000
0.36839640;52.30300000;138.00000000
0.37080840;52.74300000;132.00000000
0.37313030;53.18300000;129.00000000
0.37539670;53.62000000;129.00000000
0.37780760;54.08300000;130.00000000
0.37999190;54.49500000;133.00000000
0.38235520;54.92800000;138.00000000
0.38487840;55.37500000;143.00000000
0.38744620;55.81300000;148.00000000
0.39014850;56.25800000;154.00000000
0.39296690;56.70800000;159.00000000
0.39586240;57.15300000;164.00000000
0.39870160;57.58000000;168.00000000
0.40178440;58.03300000;173.00000000
0.40487130;58.47300000;177.00000000
0.40810900;58.92300000;181.00000000
0.41128920;59.35500000;185.00000000
0.41447140;59.79500000;172.00000000
0.41741750;60.24300000;155.00000000
0.41998310;60.67500000;141.00000000
0.42234470;61.11500000;126.00000000
0.42446060;61.56000000;111.00000000
0.42630590;61.99000000;102.00000000
0.42813040;62.44300000;97.00000000
0.42977390;62.87800000;93.00000000
0.43137220;63.30500000;89.00000000
0.43298860;63.75500000;88.00000000
0.43452370;64.18500000;87.00000000
0.43607860;64.63000000;85.00000000
0.43767490;65.08300000;86.00000000
0.43927350;65.52300000;91.00000000
0.44096290;65.96800000;97.00000000
0.44269900;66.39300000;104.00000000
0.44461030;66.83000000;112.00000000
0.44663330;67.26500000;119.00000000
0.44881580;67.70500000;127.00000000
0.45118370;68.16000000;134.00000000
0.45357290;68.59300000;140.00000000
0.45609790;69.03300000;146.00000000
0.45866370;69.47500000;138.00000000
0.46095140;69.91000000;126.00000000
0.46309460;70.34500000;117.00000000
0.46509990;70.77500000;113.00000000
0.46714760;71.22000000;114.00000000
0.46919720;71.66000000;117.00000000
0.47128380;72.10000000;120.00000000
0.47349440;72.54800000;127.00000000
0.47579410;72.98500000;133.00000000
0.47822840;73.42800000;140.00000000
0.48071480;73.86300000;146.00000000
0.48333380;74.30000000;152.00000000
0.48617500;74.75500000;158.00000000
0.48890390;75.18000000;163.00000000
0.49200460;75.64800000;168.00000000
0.49502100;76.08800000;173.00000000
0.49801310;76.51300000;178.00000000
0.50125550;76.96300000;182.00000000
0.50443300;77.39300000;186.00000000
0.50776990;77.83300000;191.00000000
0.51114490;78.27000000;194.00000000
0.51470200;78.72000000;198.00000000
0.51836900;79.17800000;202.00000000
0.52187960;79.60800000;205.00000000
0.52549930;80.04300000;209.00000000
0.52901860;80.46800000;198.00000000
0.53226630;80.89500000;181.00000000
0.53543820;81.34800000;166.00000000
0.53816100;81.77000000;158.00000000
0.54086340;82.20000000;155.00000000
0.54360730;82.64300000;152.00000000
0.54630990;83.08500000;152.00000000
0.54874090;83.52500000;153.00000000
0.55119660;83.97000000;154.00000000
0.55434580;84.41500000;158.00000000
0.55697970;84.86300000;162.00000000
0.56026940;85.28500000;168.00000000
0.56292620;85.72300000;171.00000000
0.56567240;86.17000000;171.00000000
0.56915970;86.59800000;173.00000000
0.57193120;87.04000000;176.00000000
0.57479150;87.46800000;180.00000000
0.57837060;87.89500000;178.00000000
0.58129700;88.33500000;180.00000000
0.58492070;88.78300000;183.00000000
0.58789030;89.22000000;186.00000000
0.59090420;89.66800000;189.00000000
0.59478020;90.12300000;193.00000000
0.59791310;90.56800000;196.00000000
0.60183640;91.01500000;199.00000000
0.60502800;91.46000000;202.00000000
0.60906070;91.91500000;204.00000000
0.61243810;92.35000000;207.00000000
0.61654410;92.79300000;209.00000000
0.61995590;93.23000000;211.00000000
0.62324350;93.66300000;198.00000000
0.62700230;94.10500000;176.00000000
0.62977270;94.55000000;159.00000000
0.63272360;95.00000000;141.00000000
0.63488360;95.44000000;132.00000000
0.63697620;95.87000000;127.00000000
0.63952080;96.29500000;123.00000000
0.64150270;96.73500000;121.00000000
0.64343810;97.17300000;120.00000000
0.64589260;97.61300000;120.00000000
0.64785150;98.06300000;122.00000000
0.65028240;98.51500000;122.00000000
0.65226590;98.95300000;128.00000000
0.65492250;99.40500000;134.00000000
0.65703790;99.82800000;132.00000000
0.65918110;100.26300000;126.00000000
0.66169630;100.68500000;124.00000000
0.66368110;101.11500000;123.00000000
0.66559200;101.55500000;122.00000000
0.66815850;102.00300000;128.00000000
0.67020900;102.44300000;132.00000000
0.67293330;102.87800000;138.00000000
0.67518450;103.31000000;143.00000000
0.67755040;103.74300000;148.00000000
0.68054060;104.17800000;153.00000000
0.68306180;104.61500000;158.00000000
0.68562810;105.05300000;162.00000000
0.68887760;105.49000000;167.00000000
0.69153540;105.92300000;158.00000000
0.69393960;106.35500000;143.00000000
0.69664220;106.79800000;125.00000000
0.69860020;107.23000000;116.00000000
0.70040110;107.66500000;111.00000000
0.70269780;108.09800000;112.00000000
0.70449910;108.53000000;112.00000000
0.70627740;108.96300000;110.00000000
0.70846120;109.39300000;114.00000000
0.71037490;109.83000000;120.00000000
0.71285130;110.27500000;127.00000000
0.71496710;110.69500000;133.00000000
0.71715370;111.13000000;138.00000000
0.71944950;111.56500000;144.00000000
0.72233070;112.00500000;149.00000000
0.72476110;112.43800000;154.00000000
0.72732760;112.86800000;158.00000000
0.73045940;113.30800000;155.00000000
0.73293440;113.74000000;151.00000000
0.73593010;114.17500000;151.00000000
0.73843070;114.61500000;153.00000000
0.74090240;115.06300000;155.00000000
0.74398840;115.49500000;157.00000000
0.74655370;115.94800000;160.00000000
0.74986580;116.38800000;164.00000000
0.75245260;116.82000000;167.00000000
0.75515660;117.25500000;169.00000000
0.75866930;117.68800000;173.00000000
0.76139170;118.12300000;176.00000000
0.76425270;118.55500000;178.00000000
0.76781140;118.99000000;182.00000000
0.77078340;119.43500000;184.00000000
0.77452050;119.87800000;188.00000000
0.77758190;120.31300000;190.00000000
0.78057740;120.75000000;192.00000000
0.78453760;121.18300000;195.00000000
0.78771110;121.61800000;197.00000000
0.79079690;122.05000000;199.00000000
0.79486960;122.48500000;201.00000000
0.79813450;122.91800000;203.00000000
0.80128820;123.35300000;205.00000000
0.80547890;123.79500000;207.00000000
0.80884220;124.23000000;209.00000000
0.81209400;124.67000000;210.00000000
0.81634640;125.10300000;212.00000000
0.81981950;125.53800000;214.00000000
0.82326630;125.97000000;216.00000000
0.82766980;126.40300000;217.00000000
0.83105420;126.83500000;219.00000000
0.83459510;127.26800000;220.00000000
0.83933180;127.71000000;221.00000000
0.84318630;128.14500000;221.00000000
0.84699370;128.57500000;222.00000000
0.85087010;129.00800000;223.00000000
0.85471420;129.43800000;224.00000000
0.85861310;129.87000000;225.00000000
0.86258300;130.30800000;226.00000000
0.86650480;130.73800000;227.00000000
0.87045720;131.17000000;228.00000000
0.87441950;131.60500000;225.00000000
0.87824900;132.04000000;214.00000000
0.88191960;132.47000000;212.00000000
0.88555730;132.90300000;208.00000000
0.88914090;133.33500000;208.00000000
0.89277200;133.77000000;209.00000000
0.89642440;134.20300000;211.00000000
0.90009040;134.63500000;212.00000000
0.90381810;135.07300000;214.00000000
0.90755440;135.50500000;215.00000000
0.91130330;135.93800000;217.00000000
0.91505520;136.36800000;219.00000000
0.91896220;136.81000000;220.00000000
0.92275950;137.24000000;221.00000000
0.92676970;137.68800000;223.00000000
0.93068960;138.12500000;224.00000000
0.93457450;138.55800000;225.00000000
0.93845980;138.98800000;222.00000000
0.94214690;139.42000000;203.00000000
0.94551310;139.85300000;184.00000000
0.94859720;140.29500000;165.00000000
0.95130630;140.73000000;146.00000000
0.95367940;141.16300000;128.00000000
0.95577010;141.59500000;111.00000000
0.95756940;142.03300000;94.00000000
0.95907480;142.45800000;80.00000000
0.96038120;142.89000000;67.00000000
0.96155070;143.32000000;61.00000000
0.96265230;143.75300000;61.00000000
0.96373440;144.18500000;61.00000000
0.96490490;144.62300000;72.00000000
0.96623470;145.05500000;76.00000000
0.96747260;145.49500000;63.00000000
0.96859690;145.93300000;58.00000000
0.96963410;146.35000000;59.00000000
0.97071310;146.78500000;59.00000000
0.97181300;147.21800000;67.00000000
0.97309890;147.65300000;77.00000000
0.97451980;148.08500000;86.00000000
0.97611520;148.52300000;94.00000000
0.97780390;148.95300000;101.00000000
0.97962920;149.38500000;108.00000000
0.98160640;149.82800000;115.00000000
0.98368250;150.26300000;122.00000000
0.98584690;150.69800000;127.00000000
0.98810560;151.12800000;133.00000000
0.99048070;151.56300000;138.00000000
0.99296130;152.00000000;144.00000000
0.99548300;152.43000000;148.00000000
0.99839620;152.80000000;153.00000000
