0.00128781;0.00000000;253.00000000
0.00663697;0.43500000;256.00000000
0.01204034;0.86700000;258.00000000
0.01777267;1.32500000;261.00000000
0.02325638;1.75700000;264.00000000
0.02890206;2.19700000;266.00000000
0.03441360;2.62500000;268.00000000
0.03995199;3.05000000;269.00000000
0.04546056;3.49200000;246.00000000
0.05035640;3.92200000;225.00000000
0.05493822;4.36500000;204.00000000
0.05895740;4.79200000;187.00000000
0.06281295;5.22700000;178.00000000
0.06655949;5.67000000;172.00000000
0.07014354;6.11200000;163.00000000
0.07350907;6.55000000;154.00000000
0.07663326;6.98000000;146.00000000
0.07967328;7.42200000;137.00000000
0.08244271;7.84500000;130.00000000
0.08513068;8.28500000;122.00000000
0.08770958;8.72500000;115.00000000
0.09015340;9.17200000;110.00000000
0.09248827;9.60700000;108.00000000
0.09471404;10.03200000;107.00000000
0.09702252;10.46000000;112.00000000
0.09938450;10.89000000;114.00000000
0.10193650;11.34000000;120.00000000
0.10457020;11.77700000;128.00000000
0.10733970;12.21500000;133.00000000
0.11024470;12.66200000;136.00000000
0.11309560;13.10200000;134.00000000
0.11608210;13.55000000;142.00000000
0.11912300;13.98000000;151.00000000
0.12224530;14.39700000;157.00000000
0.12547620;14.81200000;165.00000000
0.12919590;15.26700000;172.00000000
0.13272520;15.70200000;161.00000000
0.13601090;16.14000000;151.00000000
0.13921440;16.58700000;144.00000000
0.14217390;17.01500000;142.00000000
0.14529610;17.46000000;147.00000000
0.14852700;17.91000000;150.00000000
0.15189360;18.36700000;146.00000000
0.15471710;18.78500000;134.00000000
0.15745960;19.21500000;131.00000000
0.16022890;19.65000000;131.00000000
0.16297110;20.08200000;131.00000000
0.16571300;20.51200000;132.00000000
0.16842850;20.92500000;135.00000000
0.17127910;21.36700000;134.00000000
0.17418490;21.80200000;143.00000000
0.17722490;22.22500000;149.00000000
0.18015730;22.65000000;137.00000000
0.18298110;23.08700000;131.00000000
0.18572300;23.52200000;129.00000000
0.18835690;23.94500000;129.00000000
0.19104470;24.37200000;129.00000000
0.19378690;24.81000000;133.00000000
0.19658340;25.23500000;139.00000000
0.19954300;25.66500000;146.00000000
0.20266510;26.09200000;153.00000000
0.20570600;26.52700000;138.00000000
0.20861100;26.97500000;131.00000000
0.21129890;27.39500000;132.00000000
0.21398670;27.81700000;131.00000000
0.21681060;28.26700000;127.00000000
0.21955270;28.71700000;123.00000000
0.22205050;29.14200000;121.00000000
0.22463000;29.58500000;120.00000000
0.22731780;30.03200000;127.00000000
0.23014150;30.48000000;132.00000000
0.23288290;30.90500000;137.00000000
0.23576190;31.32200000;147.00000000
0.23899240;31.76700000;149.00000000
0.24200610;32.19500000;141.00000000
0.24507420;32.64500000;139.00000000
0.24806070;33.08700000;139.00000000
0.25093860;33.51700000;137.00000000
0.25384380;33.95200000;139.00000000
0.25672160;34.38200000;139.00000000
0.25968110;34.81500000;144.00000000
0.26272200;35.24200000;150.00000000
0.26592580;35.67700000;155.00000000
0.26942820;36.13500000;161.00000000
0.27301200;36.58500000;168.00000000
0.27694880;37.06000000;175.00000000
0.28072280;37.50000000;180.00000000
0.28455100;37.93200000;186.00000000
0.28854230;38.37500000;187.00000000
0.29239730;38.80200000;187.00000000
0.29644330;39.24500000;190.00000000
0.30035250;39.66500000;196.00000000
0.30450660;40.10000000;200.00000000
0.30874220;40.53000000;204.00000000
0.31300470;40.96000000;207.00000000
0.31734900;41.38700000;211.00000000
0.32185260;41.82500000;216.00000000
0.32630870;42.24700000;213.00000000
0.33046400;42.67200000;193.00000000
0.33429110;43.10200000;174.00000000
0.33790190;43.55200000;158.00000000
0.34115990;43.99500000;147.00000000
0.34428220;44.43500000;146.00000000
0.34735010;44.86700000;148.00000000
0.35039100;45.28200000;154.00000000
0.35381170;45.73200000;161.00000000
0.35725910;46.16500000;165.00000000
0.36051820;46.59700000;146.00000000
0.36339600;47.03200000;129.00000000
0.36611130;47.49500000;114.00000000
0.36844590;47.93500000;104.00000000
0.37061820;48.37000000;100.00000000
0.37270860;48.79200000;101.00000000
0.37482630;49.21500000;106.00000000
0.37713430;49.65000000;111.00000000
0.37952340;50.08200000;117.00000000
0.38210280;50.52200000;126.00000000
0.38489900;50.96200000;136.00000000
0.38785620;51.39700000;145.00000000
0.39106080;51.84200000;153.00000000
0.39437180;52.28000000;161.00000000
0.39774070;52.70200000;168.00000000
0.40113430;53.11200000;174.00000000
0.40471990;53.53000000;181.00000000
0.40863050;53.96700000;187.00000000
0.41264840;54.40700000;192.00000000
0.41674630;54.84000000;197.00000000
0.42022200;55.28700000;197.00000000
0.42491910;55.73000000;189.00000000
0.42850310;56.16000000;183.00000000
0.43195180;56.59200000;170.00000000
0.43585870;57.03000000;150.00000000
0.43866000;57.45500000;133.00000000
0.44104710;57.89200000;116.00000000
0.44357070;58.32700000;97.00000000
0.44539000;58.74700000;84.00000000
0.44691230;59.19200000;74.00000000
0.44864820;59.63000000;65.00000000
0.44995180;60.07000000;63.00000000
0.45155340;60.50700000;63.00000000
0.45282990;60.94000000;64.00000000
0.45415690;61.37500000;66.00000000
0.45592450;61.80500000;74.00000000
0.45742100;62.22200000;80.00000000
0.45904560;62.63500000;88.00000000
0.46091800;63.07500000;99.00000000
0.46344370;63.52000000;113.00000000
0.46580830;63.94700000;123.00000000
0.46822350;64.38500000;131.00000000
0.47159020;64.81500000;142.00000000
0.47438670;65.25200000;150.00000000
0.47737340;65.68000000;157.00000000
0.48122860;66.10500000;165.00000000
0.48451380;66.53500000;171.00000000
0.48798970;66.97500000;177.00000000
0.49230620;67.41000000;183.00000000
0.49591700;67.83200000;184.00000000
0.49941960;68.26000000;187.00000000
0.50308480;68.69200000;189.00000000
0.50764630;69.12500000;192.00000000
0.51147440;69.54500000;196.00000000
0.51532730;69.97700000;201.00000000
0.52018980;70.40700000;207.00000000
0.52423510;70.83700000;211.00000000
0.52833480;71.27000000;215.00000000
0.53257080;71.70000000;219.00000000
0.53797300;72.13000000;224.00000000
0.54226330;72.56000000;227.00000000
0.54660770;72.98000000;230.00000000
0.55228320;73.41200000;233.00000000
0.55676150;73.84200000;234.00000000
0.56126870;74.27200000;232.00000000
0.56675300;74.70200000;231.00000000
0.57120650;75.13500000;232.00000000
0.57579080;75.56700000;234.00000000
0.58138850;76.01000000;223.00000000
0.58548780;76.43700000;204.00000000
0.58923980;76.86700000;185.00000000
0.59265280;77.29700000;167.00000000
0.59645580;77.72000000;152.00000000
0.59933370;78.16000000;143.00000000
0.60204880;78.60000000;138.00000000
0.60538820;79.02700000;133.00000000
0.60796760;79.46000000;131.00000000
0.61041100;79.89000000;131.00000000
0.61364250;80.32200000;132.00000000
0.61619310;80.75200000;128.00000000
0.61877180;81.18500000;135.00000000
0.62208900;81.61500000;129.00000000
0.62450270;82.04500000;120.00000000
0.62672980;82.48500000;112.00000000
0.62936150;82.92000000;107.00000000
0.63148110;83.35500000;105.00000000
0.63348870;83.79500000;104.00000000
0.63612190;84.23200000;108.00000000
0.63821270;84.66200000;114.00000000
0.64052100;85.09000000;120.00000000
0.64342590;85.52000000;126.00000000
0.64592380;85.95700000;132.00000000
0.64920900;86.40200000;143.00000000
0.65208690;86.82000000;152.00000000
0.65510310;87.24200000;158.00000000
0.65821860;87.68000000;164.00000000
0.66248540;88.12200000;174.00000000
0.66576760;88.57200000;181.00000000
0.67030950;89.01200000;189.00000000
0.67394400;89.43500000;195.00000000
0.67785140;89.86200000;200.00000000
0.68168260;90.29200000;204.00000000
0.68664960;90.71700000;210.00000000
0.69074930;91.15000000;214.00000000
0.69493040;91.58000000;218.00000000
0.70041480;92.01700000;222.00000000
0.70456870;92.44700000;225.00000000
0.70978200;92.87700000;229.00000000
0.71461460;93.31000000;232.00000000
0.71958310;93.75000000;236.00000000
0.72447040;94.17500000;239.00000000
0.72954750;94.61200000;241.00000000
0.73508630;95.08500000;244.00000000
0.74024470;95.52000000;247.00000000
0.74562050;95.96700000;249.00000000
0.75083350;96.39700000;252.00000000
0.75623640;96.83700000;255.00000000
0.76155770;97.26700000;257.00000000
0.76709690;97.71200000;259.00000000
0.77255390;98.14500000;261.00000000
0.77809270;98.58200000;263.00000000
0.78338660;98.99700000;265.00000000
0.78871140;99.43000000;242.00000000
0.79362250;99.86700000;221.00000000
0.79807530;100.30200000;204.00000000
0.80258250;100.77000000;195.00000000
0.80670930;101.21200000;191.00000000
0.81099920;101.67500000;194.00000000
0.81520760;102.12000000;197.00000000
0.81919850;102.53500000;200.00000000
0.82340690;102.96700000;204.00000000
0.82772400;103.40000000;208.00000000
0.83220370;103.83700000;212.00000000
0.83662930;104.26500000;216.00000000
0.84129920;104.70700000;220.00000000
0.84599470;105.14500000;224.00000000
0.85053010;105.56200000;226.00000000
0.85506380;105.99500000;206.00000000
0.85905740;106.41700000;186.00000000
0.86274820;106.85000000;166.00000000
0.86611380;107.29700000;146.00000000
0.86902180;107.73000000;129.00000000
0.87162720;108.18000000;111.00000000
0.87382440;108.61700000;96.00000000
0.87567220;109.04200000;84.00000000
0.87735690;109.48000000;73.00000000
0.87887580;109.90500000;71.00000000
0.88058350;110.36700000;76.00000000
0.88221510;110.79200000;83.00000000
0.88405960;111.23000000;93.00000000
0.88604180;111.65700000;92.00000000
0.88789150;112.08700000;85.00000000
0.88976260;112.53500000;85.00000000
0.89160870;112.98500000;86.00000000
0.89348220;113.41500000;95.00000000
0.89551350;113.83200000;107.00000000
0.89798700;114.28200000;119.00000000
0.90070860;114.74200000;126.00000000
0.90344580;115.20000000;124.00000000
0.90602530;115.61500000;133.00000000
0.90882180;116.03200000;143.00000000
0.91186270;116.45700000;151.00000000
0.91509350;116.88700000;158.00000000
0.91843310;117.31500000;165.00000000
0.92204410;117.75200000;173.00000000
0.92565550;118.17700000;180.00000000
0.92967060;118.63000000;187.00000000
0.93380160;119.07700000;193.00000000
0.93806280;119.52700000;199.00000000
0.94246130;119.97700000;204.00000000
0.94683240;120.41200000;210.00000000
0.95114700;120.83500000;214.00000000
0.95565680;121.26500000;219.00000000
0.96040770;121.70700000;224.00000000
0.96529540;122.15500000;228.00000000
0.97020920;122.59500000;233.00000000
0.97531350;123.04500000;237.00000000
0.98050010;123.49500000;240.00000000
0.98568230;123.93700000;244.00000000
0.99081730;124.37000000;247.00000000
0.99570910;124.77700000;250.00000000
