0.00044694;0.06000000;241.00000000
0.00549530;0.49200000;243.00000000
0.01054201;0.92200000;245.00000000
0.01581548;1.36500000;247.00000000
0.02103485;1.80000000;249.00000000
0.02591537;2.20500000;251.00000000
0.03118513;2.63700000;253.00000000
0.03666560;3.08200000;255.00000000
0.04182544;3.50000000;257.00000000
0.04692933;3.91000000;258.00000000
0.05247482;4.36200000;243.00000000
0.05724692;4.79000000;218.00000000
0.06142823;5.20200000;202.00000000
0.06579928;5.66000000;191.00000000
0.06965490;6.09000000;181.00000000
0.07326466;6.51500000;168.00000000
0.07676908;6.95700000;158.00000000
0.08005324;7.40000000;147.00000000
0.08301302;7.82500000;138.00000000
0.08578224;8.25000000;129.00000000
0.08841566;8.68200000;121.00000000
0.09099481;9.13000000;116.00000000
0.09346574;9.56200000;115.00000000
0.09604489;10.01700000;117.00000000
0.09857000;10.45500000;118.00000000
0.10109490;10.88200000;124.00000000
0.10372860;11.31000000;131.00000000
0.10668800;11.76000000;137.00000000
0.10943010;12.16700000;137.00000000
0.11233540;12.59500000;143.00000000
0.11540330;13.02700000;150.00000000
0.11860720;13.46000000;156.00000000
0.12191950;13.89000000;162.00000000
0.12531330;14.31500000;168.00000000
0.12884290;14.74200000;173.00000000
0.13253520;15.17700000;177.00000000
0.13611950;15.60700000;166.00000000
0.13954020;16.04500000;159.00000000
0.14285280;16.48000000;156.00000000
0.14621930;16.92200000;157.00000000
0.14966740;17.36700000;161.00000000
0.15297970;17.79500000;154.00000000
0.15604770;18.22500000;143.00000000
0.15895280;18.64200000;141.00000000
0.16180350;19.06000000;142.00000000
0.16487130;19.50200000;142.00000000
0.16804840;19.96200000;141.00000000
0.17114330;20.40700000;147.00000000
0.17432070;20.84500000;153.00000000
0.17765970;21.28700000;158.00000000
0.18091760;21.72700000;146.00000000
0.18393130;22.16200000;141.00000000
0.18689050;22.59500000;139.00000000
0.18990440;23.04000000;139.00000000
0.19272820;23.46000000;141.00000000
0.19576890;23.89500000;146.00000000
0.19889120;24.33000000;152.00000000
0.20204070;24.74700000;158.00000000
0.20551590;25.20500000;151.00000000
0.20863820;25.64500000;142.00000000
0.21157040;26.07200000;142.00000000
0.21452950;26.50200000;140.00000000
0.21746230;26.93700000;136.00000000
0.22020430;27.36200000;131.00000000
0.22291930;27.79200000;130.00000000
0.22566150;28.22500000;131.00000000
0.22848570;28.65700000;135.00000000
0.23141860;29.09700000;141.00000000
0.23434940;29.51500000;148.00000000
0.23771640;29.97500000;155.00000000
0.24105580;30.41200000;156.00000000
0.24442250;30.86200000;152.00000000
0.24768050;31.30000000;152.00000000
0.25080280;31.72500000;150.00000000
0.25381670;32.14200000;148.00000000
0.25704730;32.58700000;150.00000000
0.26019690;33.01500000;154.00000000
0.26361800;33.46500000;159.00000000
0.26701180;33.90000000;164.00000000
0.27043280;34.32700000;168.00000000
0.27382650;34.73700000;173.00000000
0.27760050;35.18500000;176.00000000
0.28123870;35.60700000;180.00000000
0.28520260;36.05500000;185.00000000
0.28900380;36.47500000;189.00000000
0.29299460;36.90700000;191.00000000
0.29687760;37.32500000;195.00000000
0.30097700;37.75500000;199.00000000
0.30529400;38.19700000;203.00000000
0.30952960;38.62700000;206.00000000
0.31387350;39.06000000;208.00000000
0.31870640;39.53500000;212.00000000
0.32340260;39.99000000;215.00000000
0.32799150;40.42500000;219.00000000
0.33258120;40.86700000;204.00000000
0.33668010;41.30700000;182.00000000
0.34031820;41.74000000;166.00000000
0.34371200;42.17000000;160.00000000
0.34707860;42.60200000;160.00000000
0.35039100;43.02700000;163.00000000
0.35389320;43.46200000;168.00000000
0.35731340;43.87700000;172.00000000
0.36078970;44.31000000;157.00000000
0.36380310;44.73000000;137.00000000
0.36646430;45.15700000;120.00000000
0.36885330;45.58500000;110.00000000
0.37113380;46.01200000;106.00000000
0.37336040;46.43700000;107.00000000
0.37574930;46.88700000;110.00000000
0.37819320;47.33200000;118.00000000
0.38077240;47.76700000;126.00000000
0.38354170;48.20500000;134.00000000
0.38652760;48.65200000;140.00000000
0.38943170;49.07200000;147.00000000
0.39263620;49.51000000;154.00000000
0.39602940;49.95500000;161.00000000
0.39942500;50.38500000;167.00000000
0.40311700;50.83200000;173.00000000
0.40651360;51.23500000;176.00000000
0.41047650;51.69500000;181.00000000
0.41430480;52.12500000;185.00000000
0.41829430;52.56500000;189.00000000
0.42225830;52.99200000;191.00000000
0.42562510;53.42200000;192.00000000
0.42939890;53.85000000;194.00000000
0.43395890;54.28200000;175.00000000
0.43710930;54.71000000;154.00000000
0.43993370;55.14000000;134.00000000
0.44294840;55.57500000;111.00000000
0.44490040;56.03200000;92.00000000
0.44693930;56.45700000;77.00000000
0.44840360;56.88700000;68.00000000
0.44976180;57.32700000;66.00000000
0.45149910;57.76500000;65.00000000
0.45285700;58.20700000;67.00000000
0.45423790;58.64200000;69.00000000
0.45597880;59.07500000;72.00000000
0.45742100;59.50000000;79.00000000
0.45899140;59.92500000;90.00000000
0.46137850;60.36000000;103.00000000
0.46349810;60.78500000;112.00000000
0.46572700;61.21000000;120.00000000
0.46814210;61.64000000;128.00000000
0.47134580;62.08000000;138.00000000
0.47403380;62.50200000;144.00000000
0.47696620;62.93700000;150.00000000
0.48063140;63.37700000;157.00000000
0.48380740;63.80200000;163.00000000
0.48693150;64.25200000;168.00000000
0.49111080;64.67700000;173.00000000
0.49455940;65.10500000;177.00000000
0.49800780;65.53500000;181.00000000
0.50243320;65.96500000;186.00000000
0.50604420;66.40200000;189.00000000
0.50981830;66.85000000;193.00000000
0.51456860;67.27000000;198.00000000
0.51845100;67.71000000;202.00000000
0.52230740;68.15200000;206.00000000
0.52727590;68.57500000;209.00000000
0.53140310;69.00700000;212.00000000
0.53552970;69.44500000;216.00000000
0.54085130;69.86500000;219.00000000
0.54514120;70.31200000;222.00000000
0.54943100;70.75500000;224.00000000
0.55486210;71.17700000;226.00000000
0.55925960;71.60700000;227.00000000
0.56376620;72.03000000;228.00000000
0.56914220;72.45700000;230.00000000
0.57364710;72.88000000;231.00000000
0.57812680;73.30500000;233.00000000
0.58263610;73.73700000;235.00000000
0.58809550;74.18500000;213.00000000
0.59211100;74.59200000;189.00000000
0.59547840;75.03000000;171.00000000
0.59949660;75.48200000;156.00000000
0.60240170;75.93000000;150.00000000
0.60674570;76.53000000;144.00000000
0.60948800;76.94700000;143.00000000
0.61296330;77.37700000;144.00000000
0.61578580;77.81000000;143.00000000
0.61866330;78.24000000;147.00000000
0.62208900;78.66000000;139.00000000
0.62466570;79.09200000;128.00000000
0.62710720;79.50500000;119.00000000
0.62998650;79.96700000;113.00000000
0.63215940;80.41200000;112.00000000
0.63433060;80.83700000;113.00000000
0.63718060;81.27000000;116.00000000
0.63946230;81.70200000;119.00000000
0.64185120;82.15200000;127.00000000
0.64500060;82.58200000;137.00000000
0.64768860;83.02500000;143.00000000
0.65121820;83.47200000;151.00000000
0.65428630;83.91500000;158.00000000
0.65743100;84.34500000;164.00000000
0.66142510;84.75700000;172.00000000
0.66479530;85.20500000;177.00000000
0.66835050;85.63200000;182.00000000
0.67275810;86.07200000;189.00000000
0.67651670;86.50700000;193.00000000
0.68029620;86.94500000;197.00000000
0.68510200;87.37500000;202.00000000
0.68901170;87.82000000;206.00000000
0.69406160;88.26000000;209.00000000
0.69816120;88.69700000;212.00000000
0.70242400;89.11500000;214.00000000
0.70763700;89.57500000;218.00000000
0.71217130;90.00200000;220.00000000
0.71686790;90.44200000;223.00000000
0.72156500;90.87500000;226.00000000
0.72645240;91.32000000;228.00000000
0.73120370;91.75000000;230.00000000
0.73595500;92.17200000;233.00000000
0.74086920;92.60700000;235.00000000
0.74589200;93.04700000;238.00000000
0.75105070;93.49200000;240.00000000
0.75612780;93.92700000;242.00000000
0.76128630;94.36700000;243.00000000
0.76660820;94.81700000;245.00000000
0.77184810;95.25700000;247.00000000
0.77706100;95.69200000;249.00000000
0.78216510;96.11500000;250.00000000
0.78732640;96.54000000;252.00000000
0.79261820;96.97200000;254.00000000
0.79788520;97.41200000;240.00000000
0.80274540;97.84500000;225.00000000
0.80749670;98.28700000;220.00000000
0.81216660;98.72700000;220.00000000
0.81678220;99.16200000;220.00000000
0.82172360;99.62500000;221.00000000
0.82658360;100.07700000;223.00000000
0.83117200;100.50000000;225.00000000
0.83584180;100.92700000;226.00000000
0.84053900;101.35500000;228.00000000
0.84537140;101.79000000;230.00000000
0.85028520;102.23000000;232.00000000
0.85500940;102.65000000;228.00000000
0.85943750;103.08000000;200.00000000
0.86337260;103.51500000;174.00000000
0.86673890;103.94000000;151.00000000
0.86970000;104.37500000;132.00000000
0.87225230;104.80200000;114.00000000
0.87447640;105.23700000;97.00000000
0.87635110;105.67000000;83.00000000
0.87798060;106.08700000;74.00000000
0.87958190;106.51200000;76.00000000
0.88120660;106.94500000;75.00000000
0.88286820;107.38000000;85.00000000
0.88476150;107.80500000;97.00000000
0.88674940;108.23000000;92.00000000
0.88875790;108.67700000;91.00000000
0.89068630;109.11200000;93.00000000
0.89263880;109.53500000;96.00000000
0.89478580;109.98000000;105.00000000
0.89714290;110.42200000;115.00000000
0.89973130;110.86700000;124.00000000
0.90241540;111.30700000;129.00000000
0.90515640;111.73200000;137.00000000
0.90827870;112.19200000;144.00000000
0.91134690;112.62000000;152.00000000
0.91449630;113.03700000;158.00000000
0.91791730;113.47200000;165.00000000
0.92147390;113.91000000;171.00000000
0.92519370;114.35200000;176.00000000
0.92901810;114.79500000;182.00000000
0.93290480;115.23000000;187.00000000
0.93678680;115.65200000;192.00000000
0.94099520;116.10000000;197.00000000
0.94509610;116.52700000;201.00000000
0.94932800;116.95700000;205.00000000
0.95364700;117.38700000;209.00000000
0.95815460;117.83000000;213.00000000
0.96296010;118.29200000;217.00000000
0.96787430;118.75700000;220.00000000
0.97286960;119.22200000;224.00000000
0.97740420;119.64000000;227.00000000
0.98218230;120.07000000;230.00000000
0.98717560;120.51700000;233.00000000
0.99204180;120.94500000;236.00000000
0.99703690;121.38000000;239.00000000
