0.00085325;0.00000000;223.00000000
0.00573990;0.45000000;225.00000000
0.01046033;0.88000000;227.00000000
0.01510916;1.30300000;229.00000000
0.01978328;1.72300000;231.00000000
0.02469392;2.16000000;233.00000000
0.02971710;2.60500000;235.00000000
0.03460354;3.03500000;236.00000000
0.03976193;3.48500000;238.00000000
0.04467472;3.91000000;240.00000000
0.04959403;4.34300000;226.00000000
0.05426114;4.78800000;206.00000000
0.05844159;5.22800000;188.00000000
0.06224281;5.65800000;178.00000000
0.06574498;6.07000000;173.00000000
0.06941055;6.51800000;165.00000000
0.07274897;6.94800000;156.00000000
0.07584532;7.37000000;147.00000000
0.07891328;7.81300000;139.00000000
0.08181809;8.25500000;131.00000000
0.08450615;8.68800000;124.00000000
0.08694968;9.10800000;117.00000000
0.08936607;9.54300000;110.00000000
0.09167361;9.97800000;107.00000000
0.09390011;10.40300000;106.00000000
0.09626218;10.85500000;108.00000000
0.09859715;11.29800000;109.00000000
0.10087780;11.72500000;112.00000000
0.10332140;12.16000000;118.00000000
0.10587350;12.59500000;123.00000000
0.10845270;13.02300000;126.00000000
0.11116800;13.46800000;126.00000000
0.11391010;13.90800000;131.00000000
0.11676090;14.34500000;136.00000000
0.11974740;14.79000000;142.00000000
0.12292410;15.24300000;147.00000000
0.12615500;15.68800000;152.00000000
0.12960310;16.14500000;157.00000000
0.13302390;16.59000000;159.00000000
0.13622810;17.01800000;150.00000000
0.13935020;17.45800000;144.00000000
0.14244540;17.90800000;141.00000000
0.14543190;18.34000000;143.00000000
0.14841840;18.77300000;143.00000000
0.15154070;19.21800000;147.00000000
0.15441850;19.64000000;134.00000000
0.15724240;20.08000000;130.00000000
0.16003880;20.52500000;128.00000000
0.16261810;20.93800000;129.00000000
0.16530570;21.36800000;129.00000000
0.16802130;21.79800000;131.00000000
0.17068180;22.22300000;131.00000000
0.17347860;22.65500000;135.00000000
0.17632660;23.08000000;140.00000000
0.17931690;23.52000000;139.00000000
0.18208520;23.94300000;131.00000000
0.18480000;24.37300000;129.00000000
0.18754220;24.81500000;128.00000000
0.19025730;25.25500000;126.00000000
0.19280960;25.67300000;127.00000000
0.19552450;26.10500000;132.00000000
0.19826670;26.52800000;136.00000000
0.20106340;26.94500000;141.00000000
0.20410380;27.38500000;144.00000000
0.20700920;27.81800000;134.00000000
0.20977850;28.25500000;129.00000000
0.21257500;28.69800000;130.00000000
0.21520840;29.12000000;128.00000000
0.21797800;29.57000000;124.00000000
0.22053020;29.99800000;121.00000000
0.22319080;30.45800000;119.00000000
0.22590580;30.92000000;121.00000000
0.22837710;31.33800000;122.00000000
0.23114720;31.79500000;128.00000000
0.23388750;32.23000000;133.00000000
0.23679320;32.66800000;139.00000000
0.23977970;33.10500000;143.00000000
0.24282050;33.54800000;140.00000000
0.24578020;33.98300000;138.00000000
0.24865800;34.41000000;138.00000000
0.25142740;34.83000000;136.00000000
0.25422390;35.25500000;135.00000000
0.25718300;35.70300000;136.00000000
0.25997980;36.12500000;138.00000000
0.26296640;36.56500000;142.00000000
0.26598010;37.00000000;146.00000000
0.26899370;37.42000000;150.00000000
0.27214320;37.84800000;154.00000000
0.27542840;38.28300000;158.00000000
0.27879500;38.71800000;161.00000000
0.28248760;39.18800000;165.00000000
0.28609860;39.63500000;168.00000000
0.28973680;40.08000000;172.00000000
0.29326620;40.50300000;173.00000000
0.29682330;40.92500000;176.00000000
0.30051540;41.35300000;179.00000000
0.30439800;41.79800000;183.00000000
0.30836200;42.24000000;186.00000000
0.31202730;42.64500000;188.00000000
0.31580120;43.05500000;191.00000000
0.32000790;43.50800000;194.00000000
0.32410860;43.94000000;197.00000000
0.32831770;44.38000000;200.00000000
0.33239140;44.81500000;183.00000000
0.33610960;45.25800000;166.00000000
0.33953080;45.70300000;152.00000000
0.34265320;46.13500000;145.00000000
0.34580260;46.58500000;145.00000000
0.34878920;47.00800000;146.00000000
0.35185710;47.43800000;150.00000000
0.35506140;47.87500000;153.00000000
0.35834550;48.31000000;157.00000000
0.36138700;48.73300000;141.00000000
0.36421030;49.17300000;124.00000000
0.36660000;49.59000000;111.00000000
0.36896190;50.04800000;102.00000000
0.37105240;50.46800000;99.00000000
0.37319750;50.91300000;99.00000000
0.37528770;51.33800000;103.00000000
0.37737870;51.75000000;107.00000000
0.37976770;52.19500000;114.00000000
0.38229280;52.63800000;121.00000000
0.38489900;53.07300000;127.00000000
0.38777490;53.53000000;132.00000000
0.39059960;53.96300000;138.00000000
0.39366680;54.41500000;144.00000000
0.39676250;54.85300000;149.00000000
0.39999570;55.29000000;154.00000000
0.40336140;55.73500000;159.00000000
0.40675770;56.17300000;162.00000000
0.41025930;56.61300000;166.00000000
0.41365220;57.03300000;169.00000000
0.41728950;57.47000000;172.00000000
0.42095510;57.90800000;174.00000000
0.42448480;58.32800000;173.00000000
0.42779710;58.75800000;175.00000000
0.43129990;59.18300000;173.00000000
0.43518110;59.62500000;154.00000000
0.43800660;60.07800000;134.00000000
0.44091140;60.52000000;114.00000000
0.44300260;60.96300000;99.00000000
0.44484600;61.37500000;88.00000000
0.44642430;61.80500000;77.00000000
0.44821350;62.24300000;66.00000000
0.44949030;62.66800000;63.00000000
0.45076610;63.10800000;62.00000000
0.45228680;63.54000000;61.00000000
0.45350840;63.97800000;62.00000000
0.45510890;64.42000000;66.00000000
0.45641400;64.84500000;69.00000000
0.45777480;65.27000000;73.00000000
0.45928960;65.69500000;83.00000000
0.46146020;66.12500000;94.00000000
0.46330780;66.55300000;101.00000000
0.46537360;66.97500000;108.00000000
0.46754480;67.40500000;115.00000000
0.47039560;67.83800000;123.00000000
0.47289330;68.28000000;128.00000000
0.47539140;68.70000000;133.00000000
0.47870370;69.15000000;139.00000000
0.48139150;69.59800000;144.00000000
0.48494870;70.04000000;150.00000000
0.48793530;70.48300000;154.00000000
0.49094770;70.91000000;158.00000000
0.49485810;71.34800000;162.00000000
0.49798060;71.77500000;165.00000000
0.50126580;72.20500000;168.00000000
0.50528400;72.65300000;171.00000000
0.50859650;73.07800000;175.00000000
0.51207170;73.50300000;178.00000000
0.51646650;73.92800000;183.00000000
0.52002690;74.34500000;186.00000000
0.52358340;74.78000000;189.00000000
0.52733020;75.20300000;192.00000000
0.53205480;75.63000000;195.00000000
0.53577410;76.05800000;198.00000000
0.53968370;76.48300000;200.00000000
0.54351190;76.90300000;202.00000000
0.54853540;77.33800000;205.00000000
0.55258200;77.76000000;206.00000000
0.55651730;78.20300000;208.00000000
0.56159450;78.63000000;205.00000000
0.56555830;79.06800000;205.00000000
0.56949510;79.49500000;206.00000000
0.57445990;79.93800000;209.00000000
0.57848050;80.37500000;210.00000000
0.58266310;80.81500000;212.00000000
0.58760800;81.24300000;194.00000000
0.59108110;81.66300000;176.00000000
0.59433790;82.09300000;160.00000000
0.59808470;82.52500000;147.00000000
0.60088120;82.95500000;140.00000000
0.60348760;83.38800000;136.00000000
0.60617560;83.80800000;132.00000000
0.60932510;84.22800000;131.00000000
0.61187710;84.66000000;132.00000000
0.61443040;85.08300000;130.00000000
0.61749480;85.51500000;129.00000000
0.62015770;85.92800000;135.00000000
0.62268360;86.35800000;126.00000000
0.62510100;86.78500000;117.00000000
0.62729600;87.20500000;110.00000000
0.62987790;87.63800000;107.00000000
0.63194250;88.07000000;105.00000000
0.63400470;88.50300000;103.00000000
0.63652900;88.94500000;104.00000000
0.63859310;89.37800000;109.00000000
0.64071090;89.81500000;114.00000000
0.64356170;90.25300000;122.00000000
0.64600520;90.68500000;128.00000000
0.64855730;91.11300000;133.00000000
0.65181540;91.54500000;140.00000000
0.65458580;91.96500000;146.00000000
0.65756620;92.39000000;151.00000000
0.66126190;92.82500000;158.00000000
0.66444310;93.24800000;162.00000000
0.66756240;93.67000000;167.00000000
0.67079880;94.10000000;171.00000000
0.67510120;94.53300000;176.00000000
0.67842070;94.96300000;180.00000000
0.68192710;95.41000000;183.00000000
0.68645950;95.84000000;187.00000000
0.69007060;96.27500000;190.00000000
0.69392580;96.70500000;193.00000000
0.69856860;97.16300000;195.00000000
0.70234260;97.60500000;197.00000000
0.70733830;98.04300000;200.00000000
0.71154670;98.47500000;202.00000000
0.71578210;98.90500000;205.00000000
0.72004460;99.33300000;207.00000000
0.72428040;99.75500000;209.00000000
0.72870580;100.19000000;211.00000000
0.73326730;100.63500000;213.00000000
0.73780130;101.07000000;216.00000000
0.74236250;101.50500000;218.00000000
0.74692380;101.93800000;220.00000000
0.75153950;102.36800000;222.00000000
0.75612780;102.79500000;224.00000000
0.76087900;103.23300000;226.00000000
0.76549500;103.65300000;227.00000000
0.77073520;104.12800000;229.00000000
0.77545900;104.55300000;230.00000000
0.78031900;104.98800000;232.00000000
0.78523310;105.42500000;233.00000000
0.78999200;105.84800000;234.00000000
0.79470870;106.27500000;218.00000000
0.79908000;106.70300000;204.00000000
0.80307120;107.11800000;196.00000000
0.80722520;107.56000000;193.00000000
0.81118920;107.98500000;193.00000000
0.81520760;108.41500000;194.00000000
0.81925280;108.84800000;195.00000000
0.82346120;109.29000000;197.00000000
0.82780540;109.74300000;199.00000000
0.83201370;110.17800000;201.00000000
0.83622200;110.60800000;203.00000000
0.84053900;111.04500000;205.00000000
0.84474800;111.46800000;207.00000000
0.84917090;111.90500000;210.00000000
0.85364820;112.34800000;207.00000000
0.85761870;112.76300000;187.00000000
0.86133850;113.19500000;168.00000000
0.86472900;113.63500000;151.00000000
0.86774410;114.07500000;132.00000000
0.87021570;114.49300000;114.00000000
0.87244210;114.92300000;101.00000000
0.87444910;115.35500000;89.00000000
0.87621530;115.78500000;80.00000000
0.87789940;116.23500000;71.00000000
0.87939170;116.66000000;71.00000000
0.88090720;117.09500000;73.00000000
0.88243260;117.52500000;73.00000000
0.88411310;117.97300000;80.00000000
0.88590570;118.41000000;87.00000000
0.88786440;118.87000000;85.00000000
0.88978980;119.34500000;84.00000000
0.89152750;119.77300000;83.00000000
0.89334610;120.20300000;91.00000000
0.89540580;120.64500000;99.00000000
0.89757840;121.07800000;107.00000000
0.89992240;121.51300000;115.00000000
0.90238830;121.95000000;119.00000000
0.90485770;122.37300000;124.00000000
0.90754570;122.80500000;130.00000000
0.91031520;123.23500000;136.00000000
0.91324730;123.66800000;142.00000000
0.91628810;124.10000000;148.00000000
0.91932890;124.51800000;153.00000000
0.92269570;124.96300000;158.00000000
0.92603590;125.39300000;163.00000000
0.92956180;125.83500000;167.00000000
0.93314940;126.27000000;172.00000000
0.93684110;126.71000000;176.00000000
0.94072370;127.16000000;180.00000000
0.94466090;127.60800000;184.00000000
0.94854210;128.03500000;188.00000000
0.95245070;128.46000000;192.00000000
0.95663490;128.90800000;196.00000000
0.96108660;129.37500000;198.00000000
0.96529540;129.81000000;202.00000000
0.96972030;130.26000000;205.00000000
0.97414590;130.70300000;208.00000000
0.97865330;131.14500000;211.00000000
0.98307730;131.57500000;214.00000000
0.98750170;132.00000000;217.00000000
0.99190570;132.42000000;219.00000000
0.99674030;132.87300000;222.00000000
