0.00017607;0.00000000;242.00000000
0.00519636;0.42800000;245.00000000
0.01040602;0.86500000;247.00000000
0.01557085;1.29800000;249.00000000
0.02079106;1.72800000;251.00000000
0.02624119;2.17500000;253.00000000
0.03151098;2.60500000;255.00000000
0.03661129;3.01800000;256.00000000
0.04225983;3.47300000;258.00000000
0.04801606;3.93300000;257.00000000
0.05320534;4.37300000;229.00000000
0.05792573;4.82500000;204.00000000
0.06199844;5.25000000;191.00000000
0.06585357;5.67500000;184.00000000
0.06979064;6.13000000;173.00000000
0.07329182;6.56300000;162.00000000
0.07657893;6.99300000;152.00000000
0.07975471;7.43500000;143.00000000
0.08252418;7.84500000;135.00000000
0.08529357;8.28000000;126.00000000
0.08792681;8.72000000;119.00000000
0.09039772;9.16000000;113.00000000
0.09289556;9.61500000;111.00000000
0.09539302;10.07300000;112.00000000
0.09791843;10.52500000;117.00000000
0.10044340;10.96500000;116.00000000
0.10280550;11.38000000;122.00000000
0.10546620;11.81300000;130.00000000
0.10831700;12.25500000;136.00000000
0.11114080;12.68500000;136.00000000
0.11412730;13.12300000;145.00000000
0.11727680;13.55800000;153.00000000
0.12053480;13.99000000;160.00000000
0.12392870;14.41800000;166.00000000
0.12740390;14.84500000;172.00000000
0.13101490;15.27300000;176.00000000
0.13451730;15.69800000;164.00000000
0.13799270;16.15000000;153.00000000
0.14119630;16.58800000;151.00000000
0.14442730;17.02800000;152.00000000
0.14763100;17.46300000;153.00000000
0.15083480;17.88800000;159.00000000
0.15409280;18.33500000;142.00000000
0.15697090;18.76500000;137.00000000
0.15998450;19.21800000;137.00000000
0.16280820;19.64500000;136.00000000
0.16568590;20.07800000;138.00000000
0.16859130;20.50500000;140.00000000
0.17155060;20.94000000;143.00000000
0.17478270;21.39500000;151.00000000
0.17806720;21.83500000;152.00000000
0.18108050;22.26300000;140.00000000
0.18393130;22.69000000;135.00000000
0.18689050;23.14300000;134.00000000
0.18990440;23.60500000;136.00000000
0.19272820;24.04300000;135.00000000
0.19552450;24.46300000;140.00000000
0.19837530;24.87300000;147.00000000
0.20152490;25.30000000;155.00000000
0.20480990;25.74000000;148.00000000
0.20771480;26.16300000;139.00000000
0.21067450;26.60500000;137.00000000
0.21344380;27.02500000;136.00000000
0.21645760;27.48800000;132.00000000
0.21925400;27.93000000;128.00000000
0.22196900;28.37300000;126.00000000
0.22476570;28.83500000;125.00000000
0.22742640;29.26000000;131.00000000
0.23008710;29.67500000;133.00000000
0.23301860;30.11800000;142.00000000
0.23622300;30.56500000;151.00000000
0.23956250;31.01300000;155.00000000
0.24273910;31.44800000;147.00000000
0.24599740;31.90500000;146.00000000
0.24917400;32.35300000;145.00000000
0.25218760;32.78500000;144.00000000
0.25514700;33.20800000;144.00000000
0.25816060;33.64300000;142.00000000
0.26131010;34.09000000;149.00000000
0.26462260;34.54000000;155.00000000
0.26796200;34.97500000;160.00000000
0.27132870;35.40300000;165.00000000
0.27474960;35.82500000;171.00000000
0.27855070;36.27500000;177.00000000
0.28267770;36.75000000;182.00000000
0.28677740;37.21000000;188.00000000
0.29112140;37.68300000;190.00000000
0.29511270;38.11800000;192.00000000
0.29934790;38.56800000;196.00000000
0.30363770;39.01300000;201.00000000
0.30800910;39.46000000;205.00000000
0.31221740;39.88300000;208.00000000
0.31683310;40.33800000;211.00000000
0.32144450;40.78300000;215.00000000
0.32625450;41.24000000;219.00000000
0.33073510;41.67000000;205.00000000
0.33483310;42.10800000;182.00000000
0.33839060;42.53500000;164.00000000
0.34167580;42.96000000;154.00000000
0.34474370;43.37500000;155.00000000
0.34805610;43.81500000;156.00000000
0.35139560;44.25300000;161.00000000
0.35489830;44.69800000;167.00000000
0.35845420;45.13300000;166.00000000
0.36176710;45.57000000;146.00000000
0.36445480;45.98000000;128.00000000
0.36703420;46.42000000;113.00000000
0.36920630;46.83300000;105.00000000
0.37143240;47.26800000;103.00000000
0.37374060;47.71800000;106.00000000
0.37602090;48.15300000;110.00000000
0.37832890;48.57800000;115.00000000
0.38088110;49.01800000;124.00000000
0.38343310;49.43000000;133.00000000
0.38633770;49.86500000;141.00000000
0.38951330;50.31800000;150.00000000
0.39288040;50.77000000;157.00000000
0.39602940;51.17800000;163.00000000
0.39966940;51.63000000;170.00000000
0.40322570;52.05300000;176.00000000
0.40705590;52.49800000;182.00000000
0.41104690;52.94300000;188.00000000
0.41525490;53.40000000;192.00000000
0.41940750;53.84300000;195.00000000
0.42364320;54.29000000;194.00000000
0.42771570;54.72500000;195.00000000
0.43108240;55.16300000;185.00000000
0.43452900;55.58000000;168.00000000
0.43825160;56.01300000;141.00000000
0.44091140;56.45000000;123.00000000
0.44311100;56.86300000;105.00000000
0.44539000;57.31800000;87.00000000
0.44699340;57.74300000;75.00000000
0.44837640;58.17000000;67.00000000
0.45000610;58.59300000;64.00000000
0.45133620;59.01500000;65.00000000
0.45266700;59.45800000;66.00000000
0.45404880;59.88800000;68.00000000
0.45576150;60.34000000;72.00000000
0.45720330;60.77500000;78.00000000
0.45928960;61.22500000;91.00000000
0.46110760;61.66500000;101.00000000
0.46379700;62.12500000;115.00000000
0.46616070;62.55800000;126.00000000
0.46920100;62.98800000;135.00000000
0.47202460;63.42500000;144.00000000
0.47487550;63.86500000;152.00000000
0.47854080;64.30500000;159.00000000
0.48171730;64.76000000;165.00000000
0.48579140;65.19500000;172.00000000
0.48913090;65.62300000;177.00000000
0.49263200;66.05500000;182.00000000
0.49711180;66.49500000;187.00000000
0.50083140;66.92000000;190.00000000
0.50444230;67.35000000;192.00000000
0.50816210;67.78800000;196.00000000
0.51299490;68.25000000;201.00000000
0.51785390;68.69000000;205.00000000
0.52198200;69.11500000;209.00000000
0.52591850;69.54300000;213.00000000
0.53012690;69.98500000;216.00000000
0.53544830;70.41300000;221.00000000
0.53968370;70.84500000;224.00000000
0.54413640;71.28500000;226.00000000
0.54964820;71.72300000;229.00000000
0.55396630;72.15000000;229.00000000
0.55852660;72.57300000;230.00000000
0.56409200;73.00500000;230.00000000
0.56854510;73.46800000;231.00000000
0.57294270;73.88800000;232.00000000
0.57845330;74.32300000;233.00000000
0.58301500;74.77300000;233.00000000
0.58828600;75.21500000;203.00000000
0.59211100;75.64000000;180.00000000
0.59531540;76.07800000;163.00000000
0.59919790;76.52300000;151.00000000
0.60199450;76.96500000;144.00000000
0.60536110;77.41000000;139.00000000
0.60807620;77.85000000;138.00000000
0.61076400;78.28500000;137.00000000
0.61413190;78.70300000;138.00000000
0.61679110;79.15300000;136.00000000
0.62015770;79.59300000;142.00000000
0.62279180;80.02300000;131.00000000
0.62531870;80.45500000;121.00000000
0.62813870;80.90000000;113.00000000
0.63025810;81.30800000;109.00000000
0.63245760;81.74000000;108.00000000
0.63449350;82.18000000;109.00000000
0.63720770;82.61300000;112.00000000
0.63940790;83.05000000;114.00000000
0.64171550;83.48500000;121.00000000
0.64470190;83.91300000;132.00000000
0.64741710;84.35800000;140.00000000
0.65018650;84.77300000;149.00000000
0.65390600;85.20500000;157.00000000
0.65688990;85.65000000;163.00000000
0.66020070;86.06300000;170.00000000
0.66436150;86.53000000;178.00000000
0.66805150;86.97300000;185.00000000
0.67254270;87.41500000;192.00000000
0.67621700;87.84000000;196.00000000
0.68005140;88.27800000;200.00000000
0.68491190;88.71000000;205.00000000
0.68898460;89.13000000;209.00000000
0.69302990;89.56500000;212.00000000
0.69816120;90.00800000;216.00000000
0.70250550;90.43500000;219.00000000
0.70676810;90.87000000;222.00000000
0.71219840;91.30500000;225.00000000
0.71697650;91.74300000;228.00000000
0.72164650;92.16300000;230.00000000
0.72650670;92.59800000;232.00000000
0.73142090;93.03500000;234.00000000
0.73619940;93.45500000;236.00000000
0.74133080;93.90300000;238.00000000
0.74640790;94.34300000;240.00000000
0.75153950;94.78300000;242.00000000
0.75658930;95.21300000;244.00000000
0.76174770;95.64800000;246.00000000
0.76677110;96.07000000;247.00000000
0.77217380;96.52000000;249.00000000
0.77752250;96.96300000;251.00000000
0.78289810;97.40500000;252.00000000
0.78838530;97.85300000;254.00000000
0.79367680;98.28800000;243.00000000
0.79864560;98.73300000;221.00000000
0.80331550;99.18300000;211.00000000
0.80771390;99.61800000;208.00000000
0.81211230;100.05300000;209.00000000
0.81667360;100.50300000;211.00000000
0.82120780;100.94500000;213.00000000
0.82566050;101.37500000;217.00000000
0.83035750;101.82000000;220.00000000
0.83502740;102.25500000;222.00000000
0.83964300;102.68300000;225.00000000
0.84431380;103.11000000;228.00000000
0.84925230;103.55500000;230.00000000
0.85419250;103.99800000;228.00000000
0.85894900;104.45800000;200.00000000
0.86296540;104.90000000;177.00000000
0.86652140;105.34500000;153.00000000
0.86953720;105.78000000;132.00000000
0.87217070;106.23000000;111.00000000
0.87436760;106.66800000;95.00000000
0.87616100;107.08800000;82.00000000
0.87784520;107.52800000;73.00000000
0.87944610;107.96300000;75.00000000
0.88109740;108.40300000;80.00000000
0.88275910;108.81800000;85.00000000
0.88465240;109.25000000;94.00000000
0.88661340;109.67500000;89.00000000
0.88851430;110.11500000;87.00000000
0.89033320;110.54500000;91.00000000
0.89228520;110.97800000;94.00000000
0.89429770;111.40800000;100.00000000
0.89654430;111.84300000;113.00000000
0.89902200;112.27500000;123.00000000
0.90168380;112.71300000;128.00000000
0.90428750;113.13500000;130.00000000
0.90716560;113.57500000;139.00000000
0.91015230;114.00300000;149.00000000
0.91341020;114.44500000;156.00000000
0.91685830;114.89300000;163.00000000
0.92030640;115.32000000;169.00000000
0.92394470;115.75500000;176.00000000
0.92769030;116.18500000;183.00000000
0.93168160;116.63000000;189.00000000
0.93578230;117.07000000;193.00000000
0.93988200;117.50300000;198.00000000
0.94411740;117.94000000;203.00000000
0.94846060;118.37800000;208.00000000
0.95285870;118.81000000;212.00000000
0.95747660;119.25500000;216.00000000
0.96206410;119.69000000;220.00000000
0.96657120;120.11000000;224.00000000
0.97129490;120.54300000;228.00000000
0.97620950;120.98500000;230.00000000
0.98090710;121.40500000;233.00000000
0.98568230;121.82800000;235.00000000
0.99049090;122.24800000;238.00000000
0.99565480;122.69500000;240.00000000
