0.00058238;0.00000000;241.00000000
0.00560401;0.43000000;243.00000000
0.01092321;0.88200000;245.00000000
0.01603299;1.31000000;247.00000000
0.02119705;1.74200000;249.00000000
0.02637695;2.17000000;251.00000000
0.03167388;2.60500000;253.00000000
0.03726308;3.06000000;255.00000000
0.04269423;3.50000000;256.00000000
0.04796170;3.92700000;247.00000000
0.05285342;4.35500000;224.00000000
0.05749128;4.80700000;202.00000000
0.06186268;5.27000000;188.00000000
0.06577213;5.70700000;181.00000000
0.06935624;6.12700000;172.00000000
0.07269473;6.53700000;162.00000000
0.07595401;6.96500000;153.00000000
0.07913043;7.40500000;144.00000000
0.08200819;7.82700000;136.00000000
0.08485915;8.27000000;128.00000000
0.08741105;8.69000000;121.00000000
0.09004480;9.15200000;114.00000000
0.09251542;9.59500000;112.00000000
0.09493131;10.03700000;112.00000000
0.09753837;10.50000000;118.00000000
0.09998182;10.92500000;118.00000000
0.10239820;11.34000000;123.00000000
0.10511310;11.78200000;130.00000000
0.10801840;12.23000000;136.00000000
0.11095080;12.67700000;137.00000000
0.11391010;13.11200000;144.00000000
0.11719530;13.57000000;151.00000000
0.12056200;14.01700000;158.00000000
0.12392870;14.45000000;164.00000000
0.12732240;14.87200000;169.00000000
0.13093350;15.30700000;174.00000000
0.13457160;15.75500000;162.00000000
0.13801980;16.20500000;153.00000000
0.14119630;16.64000000;150.00000000
0.14431870;17.06700000;151.00000000
0.14744100;17.49000000;153.00000000
0.15083480;17.94000000;158.00000000
0.15425570;18.41500000;141.00000000
0.15735100;18.87500000;137.00000000
0.16050040;19.34700000;137.00000000
0.16340550;19.78200000;137.00000000
0.16641910;20.23200000;139.00000000
0.16940580;20.67700000;139.00000000
0.17247350;21.12500000;144.00000000
0.17546380;21.54700000;149.00000000
0.17877430;22.00200000;148.00000000
0.18186790;22.44700000;138.00000000
0.18488150;22.90500000;135.00000000
0.18770510;23.33500000;135.00000000
0.19055590;23.77200000;135.00000000
0.19335260;24.20000000;137.00000000
0.19623040;24.62500000;142.00000000
0.19910850;25.04000000;147.00000000
0.20231220;25.48000000;152.00000000
0.20548880;25.91700000;144.00000000
0.20852960;26.36200000;137.00000000
0.21143470;26.79700000;137.00000000
0.21431240;27.23500000;136.00000000
0.21697360;27.64500000;131.00000000
0.21974280;28.08500000;127.00000000
0.22226760;28.49700000;126.00000000
0.22492860;28.93200000;126.00000000
0.22775230;29.38200000;132.00000000
0.23054920;29.81700000;135.00000000
0.23342580;30.24200000;143.00000000
0.23654880;30.68200000;150.00000000
0.23961680;31.09500000;154.00000000
0.24279340;31.53000000;147.00000000
0.24599740;31.98200000;146.00000000
0.24922830;32.43500000;145.00000000
0.25207900;32.84200000;143.00000000
0.25525560;33.29500000;145.00000000
0.25818780;33.71700000;145.00000000
0.26139150;34.16200000;151.00000000
0.26470400;34.60700000;157.00000000
0.26820640;35.06500000;161.00000000
0.27170880;35.50700000;165.00000000
0.27534700;35.95500000;170.00000000
0.27898510;36.39000000;175.00000000
0.28273200;36.82700000;180.00000000
0.28642440;37.24500000;184.00000000
0.29030700;37.67700000;187.00000000
0.29429810;38.11500000;190.00000000
0.29812630;38.52700000;194.00000000
0.30241600;38.98200000;198.00000000
0.30651580;39.40700000;201.00000000
0.31072430;39.83500000;204.00000000
0.31490520;40.25700000;207.00000000
0.31916760;40.68000000;210.00000000
0.32372840;41.12200000;214.00000000
0.32820890;41.55200000;214.00000000
0.33263540;42.00500000;191.00000000
0.33646280;42.44000000;172.00000000
0.34004670;42.89000000;157.00000000
0.34333190;43.33000000;153.00000000
0.34675270;43.79000000;154.00000000
0.35001100;44.22200000;157.00000000
0.35332300;44.65200000;162.00000000
0.35682530;45.09000000;167.00000000
0.36027400;45.53000000;154.00000000
0.36331460;45.97000000;134.00000000
0.36608420;46.42500000;118.00000000
0.36850030;46.86000000;108.00000000
0.37069960;47.28700000;104.00000000
0.37292590;47.72000000;106.00000000
0.37520630;48.16000000;108.00000000
0.37746020;48.58500000;112.00000000
0.37990350;49.01500000;120.00000000
0.38253720;49.45200000;128.00000000
0.38549650;49.91500000;137.00000000
0.38850680;50.35500000;144.00000000
0.39152210;50.78000000;151.00000000
0.39472550;51.20700000;158.00000000
0.39817540;51.65000000;164.00000000
0.40162220;52.07700000;169.00000000
0.40523630;52.51000000;175.00000000
0.40901060;52.95000000;180.00000000
0.41286530;53.38700000;184.00000000
0.41671920;53.81500000;188.00000000
0.42060210;54.23700000;191.00000000
0.42459340;54.67000000;191.00000000
0.42885600;55.13200000;189.00000000
0.43254800;55.55200000;174.00000000
0.43580450;55.98700000;157.00000000
0.43866000;56.43700000;137.00000000
0.44164500;56.88000000;116.00000000
0.44375990;57.30500000;100.00000000
0.44558050;57.74200000;86.00000000
0.44750770;58.18700000;72.00000000
0.44886560;58.63000000;67.00000000
0.45057610;59.07500000;65.00000000
0.45187930;59.51500000;67.00000000
0.45358950;59.95000000;67.00000000
0.45494540;60.36700000;70.00000000
0.45641400;60.81700000;77.00000000
0.45845040;61.25700000;89.00000000
0.46026740;61.68700000;98.00000000
0.46224950;62.12000000;108.00000000
0.46499290;62.56500000;119.00000000
0.46743620;62.97200000;128.00000000
0.46993400;63.40500000;135.00000000
0.47267610;63.84500000;142.00000000
0.47612440;64.27700000;150.00000000
0.47911100;64.71500000;157.00000000
0.48299350;65.15000000;163.00000000
0.48628060;65.57700000;168.00000000
0.48953780;66.02200000;173.00000000
0.49290340;66.43700000;177.00000000
0.49724750;66.87000000;182.00000000
0.50083140;67.31500000;185.00000000
0.50452380;67.72700000;189.00000000
0.50908520;68.19500000;194.00000000
0.51285920;68.63700000;197.00000000
0.51760900;69.08000000;202.00000000
0.52165680;69.50500000;205.00000000
0.52564700;69.94200000;208.00000000
0.53072430;70.37500000;212.00000000
0.53476960;70.79500000;216.00000000
0.53914080;71.23000000;219.00000000
0.54443510;71.67200000;222.00000000
0.54869820;72.10000000;224.00000000
0.55301630;72.53500000;226.00000000
0.55852660;72.97000000;227.00000000
0.56295190;73.40700000;226.00000000
0.56732330;73.82700000;225.00000000
0.57283430;74.26200000;228.00000000
0.57728420;74.70000000;230.00000000
0.58160590;75.12000000;232.00000000
0.58692930;75.56700000;207.00000000
0.59080980;76.00700000;186.00000000
0.59493530;76.44700000;165.00000000
0.59808470;76.87700000;153.00000000
0.60088120;77.31200000;146.00000000
0.60373180;77.73500000;141.00000000
0.60704440;78.18500000;138.00000000
0.60973230;78.62700000;137.00000000
0.61309900;79.07000000;138.00000000
0.61575870;79.51700000;136.00000000
0.61915170;79.95200000;142.00000000
0.62181740;80.39700000;135.00000000
0.62493780;80.84700000;122.00000000
0.62735030;81.28200000;115.00000000
0.62949730;81.71700000;111.00000000
0.63215940;82.16700000;109.00000000
0.63424920;82.61000000;109.00000000
0.63644760;83.04000000;112.00000000
0.63921780;83.48500000;116.00000000
0.64152540;83.92000000;123.00000000
0.64459330;84.34700000;132.00000000
0.64719990;84.77500000;140.00000000
0.65007790;85.22000000;147.00000000
0.65368880;85.66200000;156.00000000
0.65680870;86.12200000;161.00000000
0.66077200;86.56500000;169.00000000
0.66419830;87.01000000;175.00000000
0.66761680;87.44500000;181.00000000
0.67204950;87.89500000;187.00000000
0.67578140;88.33200000;192.00000000
0.68045930;88.75200000;197.00000000
0.68426030;89.19200000;201.00000000
0.68827860;89.62700000;204.00000000
0.69322000;90.06700000;208.00000000
0.69721080;90.48200000;211.00000000
0.70141940;90.91500000;214.00000000
0.70551910;91.34000000;216.00000000
0.71111240;91.78000000;220.00000000
0.71570070;92.21000000;222.00000000
0.72039750;92.64200000;225.00000000
0.72509500;93.07200000;228.00000000
0.72990050;93.50700000;230.00000000
0.73476050;93.94000000;233.00000000
0.73970170;94.37700000;235.00000000
0.74453460;94.80000000;237.00000000
0.74961170;95.24000000;239.00000000
0.75458030;95.66700000;241.00000000
0.75976600;96.11000000;243.00000000
0.76503340;96.55700000;245.00000000
0.77011080;96.98500000;246.00000000
0.77532330;97.42000000;248.00000000
0.78048190;97.85000000;250.00000000
0.78588560;98.29500000;251.00000000
0.79121110;98.73500000;246.00000000
0.79614760;99.16700000;225.00000000
0.80070910;99.60500000;210.00000000
0.80510750;100.04200000;205.00000000
0.80937010;100.47500000;204.00000000
0.81376850;100.92000000;205.00000000
0.81808540;101.35500000;206.00000000
0.82226660;101.77500000;208.00000000
0.82663790;102.20700000;210.00000000
0.83117200;102.65000000;212.00000000
0.83548890;103.07000000;214.00000000
0.83988740;103.49200000;216.00000000
0.84428660;103.91200000;218.00000000
0.84903510;104.36000000;220.00000000
0.85367540;104.79200000;222.00000000
0.85786330;105.20200000;201.00000000
0.86182690;105.63500000;179.00000000
0.86529930;106.06000000;159.00000000
0.86834230;106.48000000;140.00000000
0.87102980;106.90700000;121.00000000
0.87341780;107.35000000;102.00000000
0.87537330;107.77200000;89.00000000
0.87713930;108.21000000;77.00000000
0.87876720;108.64700000;74.00000000
0.88036780;109.07200000;78.00000000
0.88202470;109.50500000;81.00000000
0.88379190;109.92500000;92.00000000
0.88585130;110.36500000;94.00000000
0.88783720;110.80700000;88.00000000
0.88973550;111.23700000;90.00000000
0.89168980;111.67000000;94.00000000
0.89364550;112.09200000;99.00000000
0.89586470;112.52700000;110.00000000
0.89836840;112.98000000;121.00000000
0.90100630;113.41700000;126.00000000
0.90358150;113.83700000;130.00000000
0.90637830;114.26700000;138.00000000
0.90939190;114.70500000;146.00000000
0.91251430;115.13500000;153.00000000
0.91577230;115.56500000;160.00000000
0.91930170;116.01200000;166.00000000
0.92275000;116.43200000;172.00000000
0.92641560;116.86500000;177.00000000
0.93026980;117.30700000;183.00000000
0.93418150;117.74200000;189.00000000
0.93822580;118.18000000;194.00000000
0.94251560;118.63000000;198.00000000
0.94672380;119.06500000;202.00000000
0.95095750;119.49500000;206.00000000
0.95538510;119.93200000;210.00000000
0.95983760;120.36700000;214.00000000
0.96461660;120.82200000;218.00000000
0.96939450;121.27200000;222.00000000
0.97420020;121.71700000;225.00000000
0.97914210;122.16700000;229.00000000
0.98421630;122.62200000;232.00000000
0.98902280;123.05000000;235.00000000
0.99394640;123.48000000;237.00000000
0.99925400;123.94000000;240.00000000
