0.00049928;0.05000000;245.00000000
0.00734634;0.47000000;247.00000000
0.01444663;0.89700000;250.00000000
0.02169283;1.33200000;252.00000000
0.02921504;1.77700000;255.00000000
0.03661404;2.21200000;257.00000000
0.04397792;2.64700000;243.00000000
0.05085640;3.09500000;219.00000000
0.05688222;3.53000000;197.00000000
0.06237147;3.97000000;175.00000000
0.06693072;4.38500000;157.00000000
0.07100312;4.80000000;138.00000000
0.07477863;5.23700000;121.00000000
0.07818041;5.67700000;108.00000000
0.08124596;6.11500000;99.00000000
0.08404899;6.54700000;92.00000000
0.08666623;6.97700000;90.00000000
0.08931918;7.40500000;89.00000000
0.09186254;7.82700000;89.00000000
0.09458962;8.27000000;91.00000000
0.09728182;8.69500000;92.00000000
0.09997288;9.12000000;98.00000000
0.10292690;9.54500000;110.00000000
0.10625280;9.97500000;118.00000000
0.10976610;10.40200000;128.00000000
0.11343670;10.82000000;137.00000000
0.11753790;11.25200000;147.00000000
0.12198990;11.69200000;156.00000000
0.12662500;12.12700000;163.00000000
0.13159660;12.57500000;171.00000000
0.13660660;13.00500000;177.00000000
0.14198930;13.45200000;184.00000000
0.14725890;13.88200000;177.00000000
0.15189410;14.29700000;157.00000000
0.15615550;14.73000000;141.00000000
0.16004290;15.16000000;129.00000000
0.16370620;15.59700000;124.00000000
0.16733240;16.04200000;121.00000000
0.17065890;16.46500000;117.00000000
0.17391090;16.88700000;119.00000000
0.17742480;17.31200000;128.00000000
0.18108800;17.73500000;132.00000000
0.18497560;18.17200000;130.00000000
0.18841480;18.60000000;111.00000000
0.19151620;19.04700000;97.00000000
0.19413440;19.47200000;88.00000000
0.19656380;19.89500000;82.00000000
0.19902980;20.33200000;81.00000000
0.20138630;20.76500000;81.00000000
0.20373950;21.19200000;82.00000000
0.20609610;21.63000000;82.00000000
0.20848700;22.06200000;84.00000000
0.21099260;22.49700000;88.00000000
0.21364550;22.93000000;94.00000000
0.21641280;23.36500000;99.00000000
0.21940080;23.79500000;108.00000000
0.22265060;24.22700000;118.00000000
0.22620540;24.65700000;127.00000000
0.22998090;25.09000000;137.00000000
0.23446640;25.56500000;146.00000000
0.23910170;26.02500000;155.00000000
0.24366210;26.46000000;162.00000000
0.24822250;26.87500000;168.00000000
0.25364250;27.34500000;176.00000000
0.25898790;27.79500000;183.00000000
0.26422120;28.21500000;189.00000000
0.27001510;28.67000000;195.00000000
0.27547260;29.08500000;200.00000000
0.28149020;29.53000000;206.00000000
0.28754830;29.96700000;211.00000000
0.29352720;30.39000000;211.00000000
0.29950800;30.82000000;208.00000000
0.30541420;31.24500000;208.00000000
0.31135750;31.67500000;209.00000000
0.31733840;32.10700000;208.00000000
0.32343140;32.54500000;212.00000000
0.32941220;32.96200000;216.00000000
0.33557990;33.38700000;219.00000000
0.34193440;33.82000000;221.00000000
0.34817710;34.25000000;219.00000000
0.35449430;34.68700000;217.00000000
0.36073690;35.11500000;221.00000000
0.36709210;35.54500000;220.00000000
0.37314650;35.97700000;198.00000000
0.37852980;36.40700000;178.00000000
0.38331420;36.83200000;162.00000000
0.38791230;37.27500000;150.00000000
0.39236040;37.72500000;147.00000000
0.39643500;38.14200000;146.00000000
0.40058410;38.56500000;146.00000000
0.40484540;39.00000000;146.00000000
0.40910680;39.43500000;146.00000000
0.41329330;39.86200000;147.00000000
0.41755460;40.29000000;153.00000000
0.42204030;40.73000000;154.00000000
0.42641380;41.14700000;160.00000000
0.43134800;41.60200000;167.00000000
0.43635680;42.04200000;173.00000000
0.44121660;42.46500000;175.00000000
0.44629990;42.89200000;182.00000000
0.45153330;43.31500000;188.00000000
0.45699090;43.74500000;194.00000000
0.46256050;44.17500000;187.00000000
0.46775630;44.61500000;167.00000000
0.47220460;45.03700000;149.00000000
0.47586770;45.47000000;137.00000000
0.47945620;45.90000000;129.00000000
0.48368050;46.33500000;128.00000000
0.48719340;46.76500000;131.00000000
0.49081870;47.21000000;136.00000000
0.49534290;47.64500000;140.00000000
0.50027690;48.12700000;150.00000000
0.50427570;48.55700000;156.00000000
0.50853690;48.99000000;162.00000000
0.51418220;49.43000000;167.00000000
0.51852100;49.87200000;151.00000000
0.52218390;50.29500000;137.00000000
0.52648050;50.74200000;119.00000000
0.52950870;51.16700000;109.00000000
0.53242390;51.58700000;101.00000000
0.53560080;52.03200000;94.00000000
0.53818070;52.46200000;91.00000000
0.54120770;52.91700000;92.00000000
0.54378760;53.33500000;98.00000000
0.54659090;53.77200000;100.00000000
0.55002980;54.25200000;109.00000000
0.55317000;54.67200000;117.00000000
0.55694530;55.15000000;124.00000000
0.56045900;55.58000000;132.00000000
0.56501950;56.03200000;142.00000000
0.56890690;56.46700000;150.00000000
0.57290660;56.90500000;152.00000000
0.57769130;57.37000000;132.00000000
0.58101810;57.81000000;119.00000000
0.58479360;58.25200000;106.00000000
0.58752240;58.68000000;98.00000000
0.59073710;59.11500000;94.00000000
0.59335450;59.52700000;92.00000000
0.59585790;59.98000000;95.00000000
0.59847540;60.41200000;98.00000000
0.60180180;60.84000000;99.00000000
0.60438050;61.25500000;98.00000000
0.60692290;61.68500000;94.00000000
0.61009980;62.11500000;104.00000000
0.61301560;62.54700000;114.00000000
0.61623020;62.97500000;122.00000000
0.61963190;63.41200000;129.00000000
0.62408050;63.84000000;138.00000000
0.62804070;64.27700000;147.00000000
0.63185420;64.71000000;155.00000000
0.63719920;65.15200000;163.00000000
0.64153670;65.57700000;170.00000000
0.64617170;66.00700000;176.00000000
0.65230240;66.45200000;184.00000000
0.65716170;66.88200000;190.00000000
0.66246960;67.30200000;195.00000000
0.66901110;67.74000000;201.00000000
0.67443120;68.17000000;205.00000000
0.68003830;68.60500000;210.00000000
0.68714060;69.03000000;215.00000000
0.69282200;69.46700000;219.00000000
0.69869120;69.89000000;223.00000000
0.70583030;70.33000000;202.00000000
0.71084330;70.75000000;180.00000000
0.71536300;71.18200000;162.00000000
0.71943860;71.61200000;145.00000000
0.72392220;72.04500000;122.00000000
0.72698800;72.47500000;107.00000000
0.72967950;72.91000000;95.00000000
0.73274490;73.34200000;86.00000000
0.73502480;73.76700000;84.00000000
0.73730470;74.20000000;86.00000000
0.74021920;74.63000000;92.00000000
0.74280080;75.06200000;97.00000000
0.74567730;75.50000000;79.00000000
0.74784630;75.94000000;71.00000000
0.74975060;76.36500000;66.00000000
0.75162130;76.79200000;72.00000000
0.75364050;77.22500000;73.00000000
0.75562010;77.64200000;79.00000000
0.75793890;78.07500000;87.00000000
0.76047970;78.50500000;93.00000000
0.76339610;78.95000000;105.00000000
0.76649830;79.37500000;114.00000000
0.76997460;79.81500000;123.00000000
0.77374700;80.25200000;133.00000000
0.77756130;80.66500000;142.00000000
0.78200690;81.11700000;152.00000000
0.78653350;81.55500000;159.00000000
0.79154300;82.01500000;167.00000000
0.79636490;82.43700000;174.00000000
0.80144620;82.86700000;181.00000000
0.80672260;83.30000000;181.00000000
0.81162310;83.73000000;161.00000000
0.81613920;84.17500000;144.00000000
0.82017610;84.61700000;130.00000000
0.82398930;85.06700000;122.00000000
0.82754030;85.51000000;119.00000000
0.83079220;85.92700000;118.00000000
0.83419380;86.37200000;117.00000000
0.83737120;86.79700000;113.00000000
0.84058590;87.23000000;117.00000000
0.84409990;87.66000000;127.00000000
0.84787500;88.09500000;135.00000000
0.85202260;88.53500000;145.00000000
0.85620870;88.95500000;153.00000000
0.86062540;89.37700000;160.00000000
0.86514420;89.79000000;166.00000000
0.86981730;90.21200000;165.00000000
0.87452710;90.64200000;163.00000000
0.87938650;91.08700000;166.00000000
0.88420860;91.52000000;167.00000000
0.88895580;91.94700000;168.00000000
0.89381530;92.37500000;172.00000000
0.89867480;92.79700000;175.00000000
0.90368370;93.22500000;177.00000000
0.90884230;93.66000000;179.00000000
0.91411260;94.09500000;185.00000000
0.91968250;94.54000000;191.00000000
0.92566330;95.00200000;197.00000000
0.93160670;95.45000000;201.00000000
0.93754860;95.88700000;207.00000000
0.94367950;96.32700000;212.00000000
0.94999710;96.77200000;216.00000000
0.95616720;97.19500000;221.00000000
0.96259460;97.62700000;225.00000000
0.96939740;98.07700000;229.00000000
0.97605220;98.51000000;233.00000000
0.98278020;98.94000000;236.00000000
0.98965890;99.37500000;240.00000000
0.99665010;99.81000000;243.00000000
