0.00112801;0.00000000;217.00000000
0.00749640;0.44000000;219.00000000
0.01362383;0.85700000;221.00000000
0.02000931;1.29000000;223.00000000
0.02652126;1.72700000;225.00000000
0.03295125;2.15500000;226.00000000
0.03941755;2.58200000;228.00000000
0.04606665;3.02000000;230.00000000
0.05250346;3.45500000;212.00000000
0.05833553;3.89000000;190.00000000
0.06349190;4.32000000;171.00000000
0.06816372;4.75200000;154.00000000
0.07238916;5.18700000;137.00000000
0.07612456;5.62500000;121.00000000
0.07941352;6.05700000;103.00000000
0.08225592;6.48700000;94.00000000
0.08494643;6.92000000;89.00000000
0.08756330;7.35200000;88.00000000
0.09014172;7.78200000;87.00000000
0.09272145;8.21700000;87.00000000
0.09533767;8.64700000;90.00000000
0.09799135;9.08200000;91.00000000
0.10068320;9.51200000;96.00000000
0.10367400;9.95500000;104.00000000
0.10681240;10.38500000;111.00000000
0.11017800;10.82200000;118.00000000
0.11373570;11.26000000;125.00000000
0.11738810;11.69000000;131.00000000
0.12127880;12.12200000;137.00000000
0.12535410;12.56000000;143.00000000
0.12954070;12.99000000;148.00000000
0.13391400;13.42200000;153.00000000
0.13836760;13.85500000;158.00000000
0.14299750;14.28700000;162.00000000
0.14774490;14.72500000;166.00000000
0.15245480;15.15700000;154.00000000
0.15664140;15.59000000;137.00000000
0.16041670;16.02200000;126.00000000
0.16400520;16.45700000;122.00000000
0.16751930;16.89200000;119.00000000
0.17084580;17.32200000;116.00000000
0.17413520;17.75200000;116.00000000
0.17753690;18.18200000;122.00000000
0.18116280;18.61500000;129.00000000
0.18493820;19.04500000;129.00000000
0.18837740;19.47700000;111.00000000
0.19136660;19.91000000;96.00000000
0.19405960;20.35000000;86.00000000
0.19656380;20.79200000;81.00000000
0.19891750;21.22000000;80.00000000
0.20127410;21.65000000;80.00000000
0.20358990;22.08200000;80.00000000
0.20590900;22.51500000;80.00000000
0.20822530;22.94500000;82.00000000
0.21058090;23.38000000;82.00000000
0.21304750;23.81200000;88.00000000
0.21570210;24.24500000;95.00000000
0.21857920;24.67700000;102.00000000
0.22164020;25.10700000;109.00000000
0.22489540;25.54000000;116.00000000
0.22833840;25.97200000;122.00000000
0.23188730;26.40000000;128.00000000
0.23570000;26.83500000;133.00000000
0.23958760;27.26500000;139.00000000
0.24362470;27.69500000;144.00000000
0.24784860;28.12700000;149.00000000
0.25222210;28.56000000;154.00000000
0.25670790;28.99200000;158.00000000
0.26130550;29.42200000;163.00000000
0.26605280;29.85200000;167.00000000
0.27098700;30.29200000;172.00000000
0.27614540;30.73700000;176.00000000
0.28119120;31.16200000;180.00000000
0.28642700;31.59200000;184.00000000
0.29180650;32.02500000;188.00000000
0.29722780;32.45700000;190.00000000
0.30279740;32.89200000;192.00000000
0.30832990;33.32500000;193.00000000
0.31386200;33.75500000;192.00000000
0.31946910;34.19200000;194.00000000
0.32507610;34.62200000;197.00000000
0.33083280;35.06000000;199.00000000
0.33655180;35.49000000;200.00000000
0.34238290;35.92500000;201.00000000
0.34813970;36.35700000;200.00000000
0.35389620;36.79000000;201.00000000
0.35969020;37.22200000;202.00000000
0.36552170;37.65200000;205.00000000
0.37142660;38.08500000;201.00000000
0.37703540;38.52000000;185.00000000
0.38215510;38.95700000;169.00000000
0.38682850;39.38700000;156.00000000
0.39120170;39.82000000;146.00000000
0.39523880;40.24000000;143.00000000
0.39935050;40.67000000;144.00000000
0.40349970;41.10000000;143.00000000
0.40776100;41.54200000;143.00000000
0.41191020;41.97500000;143.00000000
0.41605950;42.40700000;146.00000000
0.42028360;42.84000000;147.00000000
0.42450750;43.26700000;149.00000000
0.42888100;43.70000000;153.00000000
0.43336650;44.13200000;157.00000000
0.43800170;44.57200000;160.00000000
0.44271160;45.00700000;164.00000000
0.44753360;45.44200000;168.00000000
0.45246780;45.87700000;172.00000000
0.45751420;46.31200000;176.00000000
0.46259790;46.74200000;179.00000000
0.46764420;47.17700000;166.00000000
0.47224200;47.61700000;148.00000000
0.47620420;48.04000000;134.00000000
0.47919460;48.47200000;128.00000000
0.48349360;48.90200000;126.00000000
0.48681970;49.34200000;127.00000000
0.49022050;49.77200000;130.00000000
0.49467030;50.20000000;135.00000000
0.49840800;50.63700000;139.00000000
0.50304260;51.07700000;144.00000000
0.50693040;51.51000000;148.00000000
0.51100500;51.94200000;152.00000000
0.51616310;52.38000000;157.00000000
0.52020200;52.81200000;143.00000000
0.52382740;53.24500000;128.00000000
0.52782620;53.67700000;113.00000000
0.53074180;54.11000000;104.00000000
0.53343340;54.54500000;97.00000000
0.53668490;54.99000000;91.00000000
0.53904060;55.42700000;89.00000000
0.54150680;55.85700000;90.00000000
0.54472190;56.30000000;97.00000000
0.54733850;56.73700000;98.00000000
0.55066530;57.17700000;106.00000000
0.55369340;57.60200000;112.00000000
0.55675840;58.03500000;118.00000000
0.56001040;58.46700000;123.00000000
0.56419720;58.90200000;130.00000000
0.56763610;59.33700000;135.00000000
0.57129930;59.77000000;141.00000000
0.57623340;60.21200000;137.00000000
0.57959760;60.64500000;124.00000000
0.58270040;61.07000000;111.00000000
0.58625160;61.49200000;100.00000000
0.58890560;61.92700000;95.00000000
0.59140990;62.37500000;91.00000000
0.59451230;62.80700000;92.00000000
0.59705450;63.24000000;95.00000000
0.59963330;63.67500000;97.00000000
0.60292360;64.10500000;97.00000000
0.60542730;64.54000000;96.00000000
0.60789480;64.97500000;94.00000000
0.61118400;65.40700000;103.00000000
0.61406210;65.84700000;110.00000000
0.61783750;66.29200000;117.00000000
0.62108960;66.72500000;123.00000000
0.62445370;67.16000000;128.00000000
0.62882510;67.59000000;135.00000000
0.63252560;68.02200000;141.00000000
0.63633810;68.45500000;146.00000000
0.64138720;68.88500000;152.00000000
0.64549880;69.31500000;156.00000000
0.64972300;69.75000000;160.00000000
0.65518060;70.19000000;165.00000000
0.65944190;70.62200000;169.00000000
0.66415170;71.04700000;173.00000000
0.66987090;71.48000000;177.00000000
0.67465560;71.91000000;180.00000000
0.67951510;72.34200000;183.00000000
0.68441210;72.77200000;186.00000000
0.69057950;73.20500000;190.00000000
0.69573800;73.64200000;193.00000000
0.70220480;74.08000000;196.00000000
0.70747570;74.51200000;192.00000000
0.71237430;74.94500000;174.00000000
0.71775680;75.38000000;153.00000000
0.72168180;75.81700000;136.00000000
0.72511680;76.24700000;120.00000000
0.72874490;76.68000000;102.00000000
0.73132400;77.11200000;89.00000000
0.73367960;77.55200000;83.00000000
0.73648210;77.98200000;82.00000000
0.73872580;78.41700000;82.00000000
0.74089220;78.85200000;89.00000000
0.74407260;79.28700000;87.00000000
0.74642530;79.72500000;75.00000000
0.74844410;80.15500000;68.00000000
0.75034880;80.60000000;67.00000000
0.75229470;81.04000000;72.00000000
0.75438650;81.48500000;76.00000000
0.75651780;81.91700000;80.00000000
0.75872370;82.35200000;78.00000000
0.76104040;82.79000000;86.00000000
0.76358290;83.21000000;95.00000000
0.76649830;83.65000000;103.00000000
0.76960100;84.08500000;111.00000000
0.77292360;84.51500000;118.00000000
0.77643940;84.94700000;125.00000000
0.78014020;85.38200000;131.00000000
0.78399120;85.81200000;137.00000000
0.78806710;86.25200000;143.00000000
0.79225320;86.68500000;148.00000000
0.79662650;87.12000000;153.00000000
0.80114760;87.55700000;157.00000000
0.80578790;87.99200000;162.00000000
0.81050430;88.42500000;163.00000000
0.81494170;88.85500000;146.00000000
0.81894270;89.28500000;133.00000000
0.82268100;89.71700000;123.00000000
0.82611960;90.14700000;118.00000000
0.82959620;90.59500000;116.00000000
0.83292300;91.03200000;114.00000000
0.83606250;91.46500000;111.00000000
0.83924040;91.90000000;113.00000000
0.84252980;92.32200000;120.00000000
0.84611820;92.76000000;126.00000000
0.84993180;93.20200000;132.00000000
0.85385010;93.63500000;138.00000000
0.85789380;94.06700000;143.00000000
0.86215720;94.50700000;148.00000000
0.86641560;94.93200000;151.00000000
0.87093880;95.37500000;154.00000000
0.87542440;95.80700000;155.00000000
0.87994720;96.24200000;157.00000000
0.88454510;96.68000000;158.00000000
0.88895580;97.09700000;160.00000000
0.89377790;97.54700000;162.00000000
0.89830100;97.96200000;165.00000000
0.90327250;98.41200000;167.00000000
0.90805720;98.84200000;168.00000000
0.91295400;99.27500000;171.00000000
0.91796300;99.71000000;175.00000000
0.92293450;100.13200000;178.00000000
0.92813040;100.56500000;182.00000000
0.93414860;101.05500000;186.00000000
0.93956140;101.49000000;189.00000000
0.94517560;101.93000000;192.00000000
0.95119370;102.39700000;196.00000000
0.95698850;102.83700000;199.00000000
0.96293050;103.28200000;202.00000000
0.96898650;103.73000000;204.00000000
0.97493200;104.16500000;207.00000000
0.98113550;104.61200000;209.00000000
0.98726550;105.05000000;212.00000000
0.99358530;105.49500000;214.00000000
