0.00142607;0.12200000;205.00000000
0.00734634;0.55500000;207.00000000
0.01347414;0.99700000;209.00000000
0.01948548;1.42700000;211.00000000
0.02554855;1.85700000;212.00000000
0.03157127;2.28200000;214.00000000
0.03762323;2.70500000;216.00000000
0.04401529;3.14700000;218.00000000
0.05010836;3.57200000;208.00000000
0.05594826;4.01200000;190.00000000
0.06117404;4.44500000;172.00000000
0.06588493;4.87700000;154.00000000
0.07006542;5.31000000;136.00000000
0.07373366;5.74000000;121.00000000
0.07702188;6.17200000;108.00000000
0.08001176;6.60200000;98.00000000
0.08285381;7.04700000;90.00000000
0.08543245;7.48000000;86.00000000
0.08793680;7.91500000;85.00000000
0.09044097;8.34700000;84.00000000
0.09294536;8.78200000;85.00000000
0.09548728;9.21500000;87.00000000
0.09806603;9.64700000;90.00000000
0.10072060;10.08500000;90.00000000
0.10330040;10.51000000;94.00000000
0.10610320;10.94200000;99.00000000
0.10905450;11.37700000;105.00000000
0.11219980;11.81200000;110.00000000
0.11551980;12.25200000;116.00000000
0.11881050;12.66700000;122.00000000
0.12255170;13.11500000;127.00000000
0.12628860;13.54700000;132.00000000
0.13017620;13.98200000;137.00000000
0.13417590;14.41500000;141.00000000
0.13833010;14.85200000;144.00000000
0.14251190;15.28200000;147.00000000
0.14681040;15.71500000;151.00000000
0.15122130;16.14700000;152.00000000
0.15537040;16.58200000;135.00000000
0.15910820;17.01500000;124.00000000
0.16269740;17.46200000;117.00000000
0.16606120;17.89700000;115.00000000
0.16927570;18.32700000;112.00000000
0.17249070;18.77200000;109.00000000
0.17570530;19.21000000;112.00000000
0.17899470;19.64200000;116.00000000
0.18243360;20.07500000;121.00000000
0.18594760;20.50500000;120.00000000
0.18916230;20.94000000;103.00000000
0.19200250;21.37200000;91.00000000
0.19450820;21.80700000;82.00000000
0.19690010;22.24000000;79.00000000
0.19925420;22.68000000;78.00000000
0.20149850;23.10700000;78.00000000
0.20373950;23.53500000;78.00000000
0.20598380;23.96500000;78.00000000
0.20826270;24.40000000;80.00000000
0.21061830;24.84700000;79.00000000
0.21289810;25.28000000;82.00000000
0.21536540;25.71200000;87.00000000
0.21794470;26.14200000;91.00000000
0.22066970;26.57500000;95.00000000
0.22351310;27.01200000;101.00000000
0.22650470;27.44500000;106.00000000
0.22968190;27.88000000;111.00000000
0.23304610;28.32500000;116.00000000
0.23652230;28.76200000;121.00000000
0.24011090;29.20000000;126.00000000
0.24377430;29.63000000;130.00000000
0.24762440;30.06200000;135.00000000
0.25154910;30.49200000;139.00000000
0.25558640;30.92500000;142.00000000
0.25973550;31.35500000;146.00000000
0.26403430;31.78700000;150.00000000
0.26848250;32.22700000;155.00000000
0.27296830;32.65700000;159.00000000
0.27764060;33.09200000;163.00000000
0.28234970;33.52000000;167.00000000
0.28717410;33.95000000;170.00000000
0.29210570;34.38200000;173.00000000
0.29711570;34.81200000;176.00000000
0.30223680;35.24500000;178.00000000
0.30735840;35.67500000;180.00000000
0.31262830;36.11700000;180.00000000
0.31786170;36.55200000;181.00000000
0.32309500;36.98500000;183.00000000
0.32836550;37.41500000;185.00000000
0.33382310;37.85500000;186.00000000
0.33920580;38.29000000;187.00000000
0.34458860;38.72000000;187.00000000
0.34993390;39.15000000;187.00000000
0.35531670;39.58200000;188.00000000
0.36084900;40.02200000;190.00000000
0.36638160;40.45700000;192.00000000
0.37191220;40.88700000;188.00000000
0.37714740;41.32500000;172.00000000
0.38189330;41.76000000;155.00000000
0.38623060;42.19500000;143.00000000
0.39034190;42.63500000;137.00000000
0.39434160;43.07200000;137.00000000
0.39837860;43.51700000;137.00000000
0.40237810;43.95500000;136.00000000
0.40630300;44.38700000;136.00000000
0.41030320;44.82500000;135.00000000
0.41422790;45.26000000;137.00000000
0.41815280;45.68500000;139.00000000
0.42218990;46.12000000;140.00000000
0.42626430;46.55500000;142.00000000
0.43041350;46.98500000;145.00000000
0.43463730;47.41700000;148.00000000
0.43897380;47.85000000;151.00000000
0.44342170;48.28700000;154.00000000
0.44794480;48.72200000;158.00000000
0.45254260;49.15500000;161.00000000
0.45732730;49.59500000;165.00000000
0.46211190;50.02700000;168.00000000
0.46693400;50.46200000;161.00000000
0.47134490;50.89500000;144.00000000
0.47489550;51.32500000;132.00000000
0.47814810;51.75500000;124.00000000
0.48229730;52.19000000;120.00000000
0.48547460;52.62500000;120.00000000
0.48958520;53.07200000;123.00000000
0.49291320;53.50000000;126.00000000
0.49635210;53.93500000;130.00000000
0.50072550;54.37000000;134.00000000
0.50431310;54.79700000;138.00000000
0.50805130;55.23700000;141.00000000
0.51283710;55.67200000;144.00000000
0.51676200;56.10500000;147.00000000
0.52046350;56.53700000;137.00000000
0.52476000;56.97700000;120.00000000
0.52793840;57.41000000;109.00000000
0.53070440;57.84700000;101.00000000
0.53399430;58.27500000;93.00000000
0.53634830;58.71700000;89.00000000
0.53874150;59.14200000;87.00000000
0.54176860;59.57000000;88.00000000
0.54412410;60.01500000;91.00000000
0.54662820;60.44200000;94.00000000
0.54988030;60.88200000;99.00000000
0.55260920;61.31200000;104.00000000
0.55545000;61.73700000;109.00000000
0.55918810;62.18200000;115.00000000
0.56240280;62.60200000;119.00000000
0.56561760;63.03700000;124.00000000
0.56984140;63.52000000;130.00000000
0.57417750;63.96700000;135.00000000
0.57772870;64.41500000;127.00000000
0.58165370;64.86200000;112.00000000
0.58460670;65.31200000;102.00000000
0.58718590;65.75500000;95.00000000
0.59040060;66.19700000;90.00000000
0.59279350;66.63700000;88.00000000
0.59574570;67.08200000;90.00000000
0.59825130;67.52000000;93.00000000
0.60135300;67.97000000;94.00000000
0.60385730;68.40200000;95.00000000
0.60636200;68.83500000;93.00000000
0.60927720;69.28000000;92.00000000
0.61185690;69.70000000;96.00000000
0.61451070;70.13000000;101.00000000
0.61798700;70.56700000;107.00000000
0.62086530;70.99500000;112.00000000
0.62396840;71.42700000;117.00000000
0.62718030;71.86000000;122.00000000
0.63125610;72.29200000;127.00000000
0.63480410;72.71000000;132.00000000
0.63835800;73.15500000;136.00000000
0.64306980;73.58000000;141.00000000
0.64680710;74.00200000;144.00000000
0.65058280;74.43200000;147.00000000
0.65562920;74.86700000;152.00000000
0.65974090;75.30200000;155.00000000
0.66385260;75.72700000;158.00000000
0.66923540;76.16700000;162.00000000
0.67357140;76.60000000;165.00000000
0.67805720;77.03500000;168.00000000
0.68362720;77.47700000;171.00000000
0.68826200;77.91700000;174.00000000
0.69289680;78.35700000;177.00000000
0.69887810;78.80000000;180.00000000
0.70373590;79.23200000;183.00000000
0.70979540;79.66700000;176.00000000
0.71420650;80.09700000;160.00000000
0.71831710;80.53000000;143.00000000
0.72269080;80.96200000;124.00000000
0.72582850;81.40000000;108.00000000
0.72859530;81.83200000;96.00000000
0.73162320;82.26700000;85.00000000
0.73390390;82.71000000;81.00000000
0.73610820;83.15000000;79.00000000
0.73872580;83.57000000;79.00000000
0.74092970;84.00500000;85.00000000
0.74321230;84.43000000;90.00000000
0.74593910;84.86000000;76.00000000
0.74799580;85.29000000;68.00000000
0.74982520;85.72200000;64.00000000
0.75173350;86.16700000;69.00000000
0.75367780;86.60200000;71.00000000
0.75565750;87.03700000;75.00000000
0.75782670;87.48000000;77.00000000
0.75999370;87.90000000;81.00000000
0.76234920;88.31500000;88.00000000
0.76492820;88.74200000;92.00000000
0.76773200;89.18000000;98.00000000
0.77064660;89.61500000;104.00000000
0.77374700;90.04700000;110.00000000
0.77707520;90.48700000;115.00000000
0.78051300;90.92500000;121.00000000
0.78395380;91.34500000;126.00000000
0.78780530;91.79500000;131.00000000
0.79161780;92.22500000;135.00000000
0.79565480;92.66500000;140.00000000
0.79984110;93.10700000;143.00000000
0.80425310;93.56500000;147.00000000
0.80859320;94.00500000;151.00000000
0.81296430;94.43500000;147.00000000
0.81699900;94.87000000;132.00000000
0.82073670;95.30500000;122.00000000
0.82410140;95.73000000;115.00000000
0.82750300;96.18000000;112.00000000
0.83068000;96.61000000;111.00000000
0.83382020;97.05200000;108.00000000
0.83681040;97.48500000;104.00000000
0.83983830;97.91700000;107.00000000
0.84301580;98.35200000;112.00000000
0.84623030;98.77500000;116.00000000
0.84978260;99.22700000;121.00000000
0.85325390;99.64700000;125.00000000
0.85695710;100.08000000;130.00000000
0.86129680;100.57200000;135.00000000
0.86521900;101.00200000;138.00000000
0.86933140;101.44000000;141.00000000
0.87348040;101.87700000;143.00000000
0.87748010;102.29500000;145.00000000
0.88181620;102.73500000;148.00000000
0.88615240;103.17200000;150.00000000
0.89045100;103.60000000;152.00000000
0.89489930;104.03500000;155.00000000
0.89938500;104.46700000;157.00000000
0.90394530;104.89700000;160.00000000
0.90850580;105.32700000;161.00000000
0.91321550;105.76200000;164.00000000
0.91800030;106.19500000;167.00000000
0.92300930;106.64000000;170.00000000
0.92794350;107.07200000;173.00000000
0.93295240;107.50500000;176.00000000
0.93810860;107.94000000;179.00000000
0.94326820;108.37200000;181.00000000
0.94865570;108.81200000;184.00000000
0.95407380;109.25000000;187.00000000
0.95949960;109.68500000;189.00000000
0.96498530;110.11500000;191.00000000
0.97051850;110.55000000;193.00000000
0.97616430;110.98500000;195.00000000
0.98188320;111.42000000;198.00000000
0.98760170;111.85200000;200.00000000
0.99336180;112.28200000;202.00000000
0.99915660;112.71200000;204.00000000
