0.00146338;0.11200000;237.00000000
0.00835922;0.54700000;238.00000000
0.01522817;0.98000000;240.00000000
0.02202963;1.40200000;242.00000000
0.02910270;1.84000000;244.00000000
0.03616554;2.27200000;246.00000000
0.04334247;2.71000000;247.00000000
0.05025789;3.13700000;232.00000000
0.05643425;3.56000000;209.00000000
0.06210982;3.99200000;186.00000000
0.06722961;4.42700000;166.00000000
0.07167698;4.85500000;147.00000000
0.07563844;5.29000000;128.00000000
0.07907701;5.71500000;110.00000000
0.08210630;6.15000000;100.00000000
0.08490904;6.57200000;94.00000000
0.08760065;6.99700000;93.00000000
0.09021653;7.41200000;92.00000000
0.09290804;7.83700000;93.00000000
0.09571169;8.27000000;96.00000000
0.09847733;8.69500000;98.00000000
0.10139350;9.13500000;103.00000000
0.10453310;9.56500000;113.00000000
0.10793120;9.99700000;122.00000000
0.11171300;10.44700000;130.00000000
0.11581740;10.90500000;139.00000000
0.12004390;11.35000000;147.00000000
0.12441970;11.78500000;154.00000000
0.12909210;12.22700000;161.00000000
0.13391400;12.67000000;166.00000000
0.13859220;13.08700000;172.00000000
0.14359530;13.51700000;177.00000000
0.14875410;13.95000000;178.00000000
0.15372570;14.39200000;157.00000000
0.15802440;14.83000000;140.00000000
0.16198700;15.27000000;131.00000000
0.16576210;15.70500000;129.00000000
0.16946260;16.14500000;125.00000000
0.17301390;16.58200000;123.00000000
0.17649030;17.00500000;128.00000000
0.18022820;17.43000000;136.00000000
0.18415310;17.85500000;138.00000000
0.18789150;18.28700000;120.00000000
0.19121720;18.73500000;102.00000000
0.19402220;19.17200000;90.00000000
0.19648910;19.59200000;85.00000000
0.19899240;20.02500000;84.00000000
0.20146110;20.45500000;84.00000000
0.20392660;20.89200000;84.00000000
0.20628330;21.31700000;85.00000000
0.20874870;21.74700000;88.00000000
0.21121720;22.16700000;91.00000000
0.21390710;22.60000000;93.00000000
0.21663710;23.02200000;102.00000000
0.21962500;23.44500000;111.00000000
0.22298810;23.87700000;120.00000000
0.22657950;24.31200000;128.00000000
0.23031740;24.73700000;135.00000000
0.23442900;25.18200000;143.00000000
0.23869040;25.62000000;150.00000000
0.24325090;26.06500000;157.00000000
0.24788600;26.50000000;162.00000000
0.25248380;26.92000000;168.00000000
0.25730590;27.34500000;173.00000000
0.26238960;27.77700000;179.00000000
0.26758540;28.20700000;184.00000000
0.27308040;28.65000000;190.00000000
0.27872460;29.09000000;195.00000000
0.28433310;29.51500000;199.00000000
0.28993980;29.93200000;203.00000000
0.29569520;30.35500000;206.00000000
0.30167610;30.78700000;209.00000000
0.30765730;31.21700000;210.00000000
0.31378720;31.65500000;210.00000000
0.31995500;32.09500000;212.00000000
0.32601060;32.52200000;215.00000000
0.33210370;32.94500000;217.00000000
0.33849560;33.38500000;219.00000000
0.34473810;33.81200000;220.00000000
0.35120480;34.25500000;220.00000000
0.35759680;34.69000000;222.00000000
0.36387680;35.11500000;224.00000000
0.37026820;35.54200000;221.00000000
0.37643740;35.98500000;200.00000000
0.38189330;36.41500000;181.00000000
0.38682850;36.84000000;166.00000000
0.39146330;37.27500000;155.00000000
0.39591180;37.70500000;154.00000000
0.40069620;38.16700000;154.00000000
0.40551830;38.63700000;154.00000000
0.41000410;39.07200000;153.00000000
0.41441480;39.50200000;155.00000000
0.41905000;39.94500000;159.00000000
0.42398420;40.41000000;161.00000000
0.42865670;40.84000000;166.00000000
0.43370290;41.29000000;171.00000000
0.43848780;41.70500000;175.00000000
0.44372070;42.14700000;180.00000000
0.44899160;42.58200000;185.00000000
0.45444890;43.02000000;190.00000000
0.45983180;43.44000000;194.00000000
0.46528920;43.86500000;185.00000000
0.47033550;44.29700000;164.00000000
0.47470870;44.72000000;147.00000000
0.47882090;45.15700000;136.00000000
0.48267110;45.58700000;134.00000000
0.48648340;46.00700000;136.00000000
0.49003360;46.44000000;140.00000000
0.49381090;46.87000000;145.00000000
0.49889390;47.30200000;153.00000000
0.50289310;47.73500000;158.00000000
0.50719230;48.16700000;163.00000000
0.51279970;48.59500000;169.00000000
0.51721110;49.02700000;162.00000000
0.52136150;49.45200000;144.00000000
0.52591920;49.90200000;125.00000000
0.52905990;50.34500000;114.00000000
0.53201270;50.76700000;105.00000000
0.53474200;51.18200000;98.00000000
0.53799370;51.61500000;94.00000000
0.54064690;52.05700000;94.00000000
0.54322670;52.48000000;100.00000000
0.54662820;52.91500000;105.00000000
0.54946920;53.34700000;107.00000000
0.55238490;53.77000000;113.00000000
0.55630990;54.22000000;122.00000000
0.55963660;54.66000000;129.00000000
0.56415980;55.09700000;138.00000000
0.56793510;55.51500000;145.00000000
0.57178530;55.93500000;152.00000000
0.57582220;56.36500000;145.00000000
0.58042000;56.79500000;126.00000000
0.58363510;57.22700000;113.00000000
0.58651320;57.66700000;104.00000000
0.58991460;58.09000000;97.00000000
0.59256910;58.51500000;96.00000000
0.59514770;58.95200000;99.00000000
0.59784010;59.38500000;101.00000000
0.60124090;59.82200000;103.00000000
0.60404410;60.24200000;103.00000000
0.60744640;60.71700000;100.00000000
0.60998760;61.18000000;107.00000000
0.61376300;61.60700000;118.00000000
0.61709000;62.05000000;125.00000000
0.62131390;62.48700000;133.00000000
0.62501310;62.92000000;140.00000000
0.62886240;63.35500000;148.00000000
0.63387270;63.78700000;156.00000000
0.63817120;64.20700000;161.00000000
0.64273330;64.64000000;167.00000000
0.64706880;65.07700000;172.00000000
0.65286310;65.52700000;178.00000000
0.65783460;65.96200000;183.00000000
0.66269390;66.38500000;188.00000000
0.66908590;66.84700000;193.00000000
0.67555260;67.29200000;198.00000000
0.68112250;67.73700000;201.00000000
0.68785090;68.20700000;205.00000000
0.69334530;68.64500000;209.00000000
0.69876590;69.07700000;212.00000000
0.70583030;69.52500000;210.00000000
0.71144150;69.98000000;189.00000000
0.71715930;70.42000000;166.00000000
0.72130800;70.87000000;147.00000000
0.72590340;71.29500000;126.00000000
0.72915610;71.73200000;110.00000000
0.73181010;72.15500000;96.00000000
0.73491280;72.60000000;87.00000000
0.73722990;73.03000000;88.00000000
0.73954770;73.46500000;88.00000000
0.74205240;73.87700000;98.00000000
0.74519120;74.30500000;85.00000000
0.74754730;74.73500000;74.00000000
0.74956410;75.17200000;69.00000000
0.75147160;75.59700000;74.00000000
0.75360320;76.03500000;78.00000000
0.75573240;76.46000000;82.00000000
0.75808850;76.88700000;88.00000000
0.76066650;77.33200000;93.00000000
0.76358290;77.77200000;104.00000000
0.76668520;78.19700000;114.00000000
0.77008670;78.62700000;123.00000000
0.77378440;79.06000000;132.00000000
0.77774800;79.49500000;139.00000000
0.78185740;79.92700000;147.00000000
0.78619690;80.35700000;154.00000000
0.79072060;80.78700000;161.00000000
0.79543050;81.22000000;166.00000000
0.80028960;81.65200000;172.00000000
0.80526390;82.08000000;177.00000000
0.81054160;82.52500000;172.00000000
0.81520380;82.95200000;153.00000000
0.81931650;83.37500000;139.00000000
0.82312960;83.80200000;129.00000000
0.82675520;84.23200000;125.00000000
0.83030620;84.66200000;123.00000000
0.83374540;85.09700000;120.00000000
0.83703470;85.52500000;116.00000000
0.84047370;85.95700000;124.00000000
0.84413730;86.38700000;132.00000000
0.84806190;86.82200000;138.00000000
0.85213460;87.25000000;146.00000000
0.85643270;87.68000000;153.00000000
0.86096100;88.11200000;159.00000000
0.86585480;88.56500000;164.00000000
0.87063970;88.99500000;168.00000000
0.87538700;89.41700000;170.00000000
0.88024630;89.84200000;172.00000000
0.88514330;90.27000000;174.00000000
0.89007720;90.69500000;176.00000000
0.89519830;91.12700000;179.00000000
0.90046900;91.56500000;182.00000000
0.90570210;91.99500000;184.00000000
0.91101030;92.42500000;187.00000000
0.91661710;92.87000000;192.00000000
0.92203740;93.29000000;196.00000000
0.92786880;93.73200000;199.00000000
0.93370000;94.16700000;203.00000000
0.93989710;94.62000000;207.00000000
0.94596170;95.05700000;211.00000000
0.95205370;95.48700000;214.00000000
0.95830150;95.92000000;218.00000000
0.96457280;96.35000000;221.00000000
0.97092970;96.78000000;224.00000000
0.97773440;97.23200000;227.00000000
0.98457410;97.68200000;230.00000000
0.99145600;98.12700000;233.00000000
0.99814710;98.55700000;235.00000000
