0.00075817;0.00000000;238.00000000
0.00757142;0.43000000;240.00000000
0.01463271;0.87000000;242.00000000
0.02150572;1.29200000;244.00000000
0.02854111;1.72500000;246.00000000
0.03564228;2.15500000;248.00000000
0.04281917;2.59000000;250.00000000
0.04995884;3.02000000;243.00000000
0.05673289;3.46500000;214.00000000
0.06248352;3.90000000;186.00000000
0.06808899;4.38200000;161.00000000
0.07242665;4.81200000;141.00000000
0.07619935;5.24500000;122.00000000
0.07956308;5.68500000;107.00000000
0.08259247;6.12700000;98.00000000
0.08532029;6.55000000;93.00000000
0.08816090;6.99700000;92.00000000
0.09081502;7.42200000;91.00000000
0.09346809;7.84200000;93.00000000
0.09631005;8.28700000;97.00000000
0.09911300;8.71700000;101.00000000
0.10225370;9.17200000;106.00000000
0.10524290;9.59000000;111.00000000
0.10864260;10.02700000;123.00000000
0.11272430;10.50700000;133.00000000
0.11660200;10.92700000;142.00000000
0.12127880;11.40500000;152.00000000
0.12572790;11.83500000;159.00000000
0.13062480;12.28700000;166.00000000
0.13552240;12.72200000;172.00000000
0.14064600;13.16000000;178.00000000
0.14624970;13.62500000;184.00000000
0.15152030;14.06500000;169.00000000
0.15619290;14.50700000;147.00000000
0.16019240;14.93500000;134.00000000
0.16400520;15.37000000;130.00000000
0.16751930;15.78200000;127.00000000
0.17121960;16.23500000;122.00000000
0.17469590;16.66700000;123.00000000
0.17835930;17.09500000;133.00000000
0.18213460;17.51000000;140.00000000
0.18605970;17.94000000;129.00000000
0.18946120;18.37000000;110.00000000
0.19245140;18.80200000;96.00000000
0.19506880;19.23000000;87.00000000
0.19757260;19.66700000;84.00000000
0.20000240;20.09500000;83.00000000
0.20247000;20.53200000;83.00000000
0.20486170;20.96500000;83.00000000
0.20733000;21.40700000;85.00000000
0.20972080;21.83200000;88.00000000
0.21226360;22.26200000;91.00000000
0.21499140;22.70700000;94.00000000
0.21787000;23.13700000;105.00000000
0.22093070;23.55700000;115.00000000
0.22444730;23.99500000;126.00000000
0.22815120;24.42500000;133.00000000
0.23214890;24.86000000;142.00000000
0.23629800;25.28500000;150.00000000
0.24078380;25.72200000;157.00000000
0.24526940;26.14500000;163.00000000
0.25012880;26.58500000;170.00000000
0.25498830;27.00500000;176.00000000
0.26014670;27.43700000;182.00000000
0.26545480;27.86700000;188.00000000
0.27094960;28.30000000;193.00000000
0.27651920;28.73000000;198.00000000
0.28231230;29.16500000;203.00000000
0.28822190;29.59700000;207.00000000
0.29416270;30.02200000;211.00000000
0.30029300;30.45500000;214.00000000
0.30642360;30.88500000;216.00000000
0.31262830;31.31700000;215.00000000
0.31887100;31.75500000;217.00000000
0.32526300;32.19500000;220.00000000
0.33154310;32.62000000;223.00000000
0.33789750;33.04700000;225.00000000
0.34440170;33.48000000;225.00000000
0.35060680;33.89700000;224.00000000
0.35703610;34.33000000;225.00000000
0.36350300;34.76000000;227.00000000
0.37026820;35.20500000;228.00000000
0.37636260;35.63000000;205.00000000
0.38204290;36.07000000;184.00000000
0.38712750;36.50700000;165.00000000
0.39150070;36.92000000;157.00000000
0.39624810;37.37200000;157.00000000
0.40084570;37.81000000;156.00000000
0.40563040;38.27000000;156.00000000
0.41000410;38.69200000;154.00000000
0.41445220;39.12200000;156.00000000
0.41901260;39.55500000;160.00000000
0.42361040;39.98500000;163.00000000
0.42854460;40.43000000;169.00000000
0.43359080;40.87200000;174.00000000
0.43889900;41.32200000;180.00000000
0.44428140;41.76500000;185.00000000
0.44951500;42.18200000;191.00000000
0.45523390;42.62700000;195.00000000
0.46080370;43.05200000;199.00000000
0.46641070;43.48500000;185.00000000
0.47134490;43.91500000;162.00000000
0.47575550;44.35000000;144.00000000
0.47919460;44.79000000;135.00000000
0.48360570;45.21000000;134.00000000
0.48715600;45.63200000;137.00000000
0.49100570;46.04500000;141.00000000
0.49474500;46.46700000;147.00000000
0.49881910;46.89700000;153.00000000
0.50393940;47.34200000;160.00000000
0.50827540;47.77500000;165.00000000
0.51384600;48.20200000;172.00000000
0.51844610;48.63000000;159.00000000
0.52244550;49.05200000;141.00000000
0.52606900;49.48000000;125.00000000
0.52995730;49.91500000;111.00000000
0.53279780;50.35000000;102.00000000
0.53556350;50.79500000;96.00000000
0.53874150;51.25700000;93.00000000
0.54180590;51.70500000;95.00000000
0.54449780;52.14200000;100.00000000
0.54722640;52.58200000;103.00000000
0.55074010;53.02700000;110.00000000
0.55376810;53.45000000;119.00000000
0.55713220;53.88200000;126.00000000
0.56143090;54.33200000;136.00000000
0.56513170;54.76500000;144.00000000
0.56913120;55.19500000;152.00000000
0.57436440;55.63000000;153.00000000
0.57813990;56.06500000;136.00000000
0.58236400;56.51000000;118.00000000
0.58546640;56.95000000;107.00000000
0.58819550;57.37700000;100.00000000
0.59144730;57.80700000;95.00000000
0.59410140;58.25500000;96.00000000
0.59664310;58.68200000;99.00000000
0.60008190;59.11700000;101.00000000
0.60266180;59.55000000;102.00000000
0.60535250;59.97000000;100.00000000
0.60867920;60.41200000;102.00000000
0.61155780;60.85700000;113.00000000
0.61466030;61.28500000;123.00000000
0.61884680;61.72200000;131.00000000
0.62258560;62.16200000;138.00000000
0.62632020;62.60000000;147.00000000
0.63136850;63.02500000;155.00000000
0.63558870;63.45700000;162.00000000
0.64120010;63.91700000;170.00000000
0.64572310;64.34500000;176.00000000
0.65043330;64.77500000;181.00000000
0.65533010;65.18700000;187.00000000
0.66175940;65.63200000;192.00000000
0.66703010;66.08000000;197.00000000
0.67357140;66.53000000;202.00000000
0.67906650;66.95000000;205.00000000
0.68452420;67.38500000;209.00000000
0.69151400;67.83200000;213.00000000
0.69723330;68.26500000;217.00000000
0.70313810;68.70000000;221.00000000
0.71005740;69.13700000;198.00000000
0.71510170;69.55700000;176.00000000
0.71947600;69.99700000;154.00000000
0.72429510;70.43200000;130.00000000
0.72751130;70.85700000;112.00000000
0.73031480;71.28500000;96.00000000
0.73334310;71.71000000;87.00000000
0.73569690;72.14000000;85.00000000
0.73805260;72.57500000;89.00000000
0.74044310;73.00000000;94.00000000
0.74369870;73.44200000;94.00000000
0.74597650;73.86500000;79.00000000
0.74848150;74.31000000;70.00000000
0.75042370;74.75500000;69.00000000
0.75240690;75.18200000;76.00000000
0.75457310;75.62500000;80.00000000
0.75670470;76.04000000;84.00000000
0.75902250;76.48000000;81.00000000
0.76152660;76.92000000;95.00000000
0.76451710;77.37000000;106.00000000
0.76765720;77.79200000;116.00000000
0.77113170;78.22000000;126.00000000
0.77498050;78.66000000;135.00000000
0.77939260;79.13000000;145.00000000
0.78365470;79.56000000;154.00000000
0.78817930;79.99000000;160.00000000
0.79288860;80.42200000;167.00000000
0.79782250;80.85700000;174.00000000
0.80312990;81.31000000;180.00000000
0.80840600;81.74000000;185.00000000
0.81348550;82.18200000;161.00000000
0.81778400;82.60500000;144.00000000
0.82167150;83.02700000;131.00000000
0.82552140;83.48000000;125.00000000
0.82903570;83.90700000;124.00000000
0.83239970;84.32700000;121.00000000
0.83572610;84.75700000;117.00000000
0.83909100;85.19700000;119.00000000
0.84267930;85.63000000;129.00000000
0.84649200;86.06000000;136.00000000
0.85052880;86.49000000;145.00000000
0.85471250;86.91000000;153.00000000
0.85924200;87.34000000;160.00000000
0.86387470;87.76700000;165.00000000
0.86873320;88.20000000;170.00000000
0.87363000;88.63000000;171.00000000
0.87860160;89.06500000;174.00000000
0.88357310;89.49200000;175.00000000
0.88861940;89.92200000;177.00000000
0.89377790;90.35500000;181.00000000
0.89893650;90.78200000;184.00000000
0.90428170;91.21500000;186.00000000
0.90966460;91.65000000;188.00000000
0.91508470;92.08000000;192.00000000
0.92069170;92.51200000;196.00000000
0.92667260;92.96700000;200.00000000
0.93239170;93.39000000;204.00000000
0.93844350;93.83000000;209.00000000
0.94442740;94.25700000;213.00000000
0.95070760;94.69500000;217.00000000
0.95695100;95.12500000;221.00000000
0.96334030;95.55500000;224.00000000
0.97003250;96.00000000;228.00000000
0.97653810;96.42500000;230.00000000
0.98322860;96.86000000;233.00000000
0.98995840;97.29200000;235.00000000
0.99676250;97.72500000;237.00000000
