0.00013686;0.00000000;210.00000000
0.00649094;0.42800000;214.00000000
0.01318420;0.86500000;219.00000000
0.01986508;1.29500000;223.00000000
0.02672320;1.72500000;227.00000000
0.03348257;2.14500000;231.00000000
0.04023478;2.57500000;214.00000000
0.04640802;3.00800000;192.00000000
0.05216901;3.46000000;171.00000000
0.05706589;3.88800000;152.00000000
0.06149506;4.32000000;139.00000000
0.06560221;4.75000000;132.00000000
0.06951434;5.17800000;127.00000000
0.07322700;5.59500000;123.00000000
0.07709832;6.04500000;121.00000000
0.08097022;6.49300000;125.00000000
0.08480318;6.92300000;128.00000000
0.08879316;7.35300000;137.00000000
0.09302013;7.77300000;146.00000000
0.09752389;8.20300000;152.00000000
0.10234150;8.64300000;160.00000000
0.10740170;9.08000000;167.00000000
0.11273530;9.52300000;175.00000000
0.11810750;9.95000000;182.00000000
0.12371700;10.38000000;188.00000000
0.12909090;10.79800000;174.00000000
0.13410820;11.22800000;157.00000000
0.13876930;11.66500000;144.00000000
0.14291810;12.09000000;133.00000000
0.14683120;12.52300000;123.00000000
0.15042540;12.95300000;115.00000000
0.15386680;13.38300000;110.00000000
0.15730010;13.81500000;112.00000000
0.16077040;14.24300000;117.00000000
0.16444990;14.68000000;121.00000000
0.16828080;15.11000000;130.00000000
0.17231080;15.54500000;132.00000000
0.17634120;15.97300000;136.00000000
0.18061060;16.40300000;145.00000000
0.18511080;16.83000000;153.00000000
0.18993090;17.26800000;160.00000000
0.19506740;17.71300000;167.00000000
0.20024300;18.14300000;173.00000000
0.20561730;18.57800000;176.00000000
0.21086960;19.00300000;174.00000000
0.21612400;19.43000000;177.00000000
0.22149550;19.85500000;180.00000000
0.22721840;20.30000000;186.00000000
0.23296050;20.73300000;192.00000000
0.23891880;21.16500000;197.00000000
0.24481180;21.58500000;202.00000000
0.25101000;22.01800000;207.00000000
0.25713410;22.44000000;199.00000000
0.26274420;22.86300000;180.00000000
0.26803810;23.30000000;163.00000000
0.27277870;23.72800000;152.00000000
0.27728130;24.15800000;142.00000000
0.28151190;24.59300000;133.00000000
0.28550130;25.02500000;129.00000000
0.28948820;25.46300000;130.00000000
0.29371670;25.91000000;136.00000000
0.29794760;26.34000000;144.00000000
0.30248870;26.77500000;152.00000000
0.30711090;27.19800000;158.00000000
0.31204660;27.63000000;166.00000000
0.31714510;28.06000000;173.00000000
0.32255880;28.49500000;179.00000000
0.32808940;28.92800000;185.00000000
0.33377850;29.35500000;191.00000000
0.33966510;29.78500000;197.00000000
0.34567060;30.21500000;201.00000000
0.35198930;30.65500000;206.00000000
0.35846580;31.09500000;211.00000000
0.36515130;31.54300000;215.00000000
0.37194550;31.98500000;220.00000000
0.37865740;32.41500000;224.00000000
0.38557250;32.85000000;228.00000000
0.39272840;33.29300000;231.00000000
0.40007140;33.74000000;235.00000000
0.40714270;34.17500000;222.00000000
0.41357480;34.61000000;199.00000000
0.41935170;35.04500000;178.00000000
0.42457280;35.48800000;158.00000000
0.42919440;35.93000000;139.00000000
0.43314010;36.36000000;120.00000000
0.43661800;36.80300000;104.00000000
0.43981680;37.26800000;90.00000000
0.44249930;37.69500000;87.00000000
0.44526330;38.13000000;91.00000000
0.44819170;38.56800000;100.00000000
0.45147430;39.00800000;110.00000000
0.45502660;39.44500000;119.00000000
0.45885920;39.88000000;129.00000000
0.46296760;40.31800000;139.00000000
0.46755230;40.76800000;148.00000000
0.47224920;41.20500000;157.00000000
0.47706870;41.63300000;163.00000000
0.48201020;42.05500000;169.00000000
0.48718430;42.48500000;175.00000000
0.49260010;42.91800000;181.00000000
0.49773730;43.34300000;187.00000000
0.50306540;43.77500000;192.00000000
0.50982340;44.20500000;199.00000000
0.51555210;44.63800000;205.00000000
0.52143860;45.08800000;209.00000000
0.52882670;45.51800000;214.00000000
0.53495010;45.94300000;214.00000000
0.54091600;46.37300000;208.00000000
0.54668410;46.80300000;203.00000000
0.55363640;47.24000000;188.00000000
0.55880700;47.66500000;171.00000000
0.56339530;48.09500000;154.00000000
0.56833670;48.52800000;132.00000000
0.57185160;48.96000000;115.00000000
0.57489370;49.39500000;100.00000000
0.57821710;49.81800000;85.00000000
0.58046390;50.24300000;77.00000000
0.58271460;50.67300000;80.00000000
0.58512040;51.10300000;86.00000000
0.58820810;51.52500000;77.00000000
0.59014520;51.96300000;66.00000000
0.59215460;52.38800000;66.00000000
0.59472390;52.81800000;76.00000000
0.59705590;53.25000000;88.00000000
0.59969850;53.68800000;96.00000000
0.60309990;54.11000000;99.00000000
0.60598350;54.56800000;102.00000000
0.60957430;55.00500000;107.00000000
0.61281940;55.44300000;117.00000000
0.61618190;55.85800000;122.00000000
0.61973050;56.28300000;130.00000000
0.62455580;56.71500000;142.00000000
0.62862010;57.17800000;150.00000000
0.63300640;57.59500000;152.00000000
0.63814650;58.02800000;147.00000000
0.64245180;58.45000000;147.00000000
0.64667560;58.88300000;151.00000000
0.65204860;59.32300000;151.00000000
0.65623390;59.76800000;152.00000000
0.66050870;60.18500000;159.00000000
0.66634990;60.61500000;167.00000000
0.67104980;61.05500000;173.00000000
0.67603830;61.47500000;179.00000000
0.68239980;61.90500000;186.00000000
0.68772330;62.34000000;191.00000000
0.69321630;62.76300000;193.00000000
0.69878610;63.20000000;195.00000000
0.70570060;63.63300000;201.00000000
0.71143010;64.06300000;206.00000000
0.71715790;64.50500000;211.00000000
0.72490080;64.92300000;211.00000000
0.73047640;65.38000000;192.00000000
0.73671470;65.81000000;169.00000000
0.74121760;66.24000000;151.00000000
0.74524800;66.67300000;133.00000000
0.74876370;67.10300000;116.00000000
0.75251900;67.52800000;96.00000000
0.75500890;67.95000000;83.00000000
0.75721790;68.38800000;72.00000000
0.75978020;68.82800000;68.00000000
0.76175330;69.25500000;70.00000000
0.76385870;69.68300000;72.00000000
0.76650330;70.10500000;76.00000000
0.76891500;70.53300000;83.00000000
0.77160590;70.97000000;89.00000000
0.77444410;71.39800000;100.00000000
0.77768440;71.82800000;112.00000000
0.78127860;72.26000000;122.00000000
0.78511030;72.69000000;132.00000000
0.78928840;73.12300000;141.00000000
0.79368320;73.55300000;150.00000000
0.79815920;73.96500000;157.00000000
0.80295730;74.38800000;164.00000000
0.80794170;74.81300000;171.00000000
0.81324330;75.24300000;178.00000000
0.81857310;75.66300000;184.00000000
0.82406460;76.08000000;190.00000000
0.82979330;76.50300000;195.00000000
0.83587730;76.93800000;200.00000000
0.84204060;77.37000000;205.00000000
0.84848040;77.81000000;210.00000000
0.85492000;78.24300000;215.00000000
0.86171530;78.68800000;219.00000000
0.86866870;79.13300000;223.00000000
0.87514760;79.56500000;202.00000000
0.88111350;80.01000000;181.00000000
0.88636800;80.44500000;160.00000000
0.89103040;80.88500000;142.00000000
0.89502630;81.31500000;122.00000000
0.89834250;81.72800000;106.00000000
0.90138240;82.15800000;92.00000000
0.90394930;82.58300000;80.00000000
0.90631960;83.02000000;72.00000000
0.90860890;83.45300000;71.00000000
0.91086020;83.87300000;77.00000000
0.91334890;84.30300000;88.00000000
0.91623300;84.74500000;96.00000000
0.91915710;85.17000000;97.00000000
0.92212340;85.61000000;95.00000000
0.92507870;86.03800000;101.00000000
0.92824450;86.46500000;108.00000000
0.93156330;86.89800000;108.00000000
0.93507890;87.33800000;119.00000000
0.93879650;87.76300000;129.00000000
0.94277980;88.18800000;138.00000000
0.94712820;88.62000000;147.00000000
0.95167330;89.04500000;155.00000000
0.95657120;89.48500000;163.00000000
0.96162860;89.91500000;170.00000000
0.96696220;90.35300000;177.00000000
0.97241440;90.78000000;184.00000000
0.97810330;91.21300000;190.00000000
0.98394960;91.64300000;196.00000000
0.98999640;92.07500000;201.00000000
0.99623470;92.51300000;206.00000000
