0.00041058;0.07000000;184.00000000
0.00589962;0.49000000;187.00000000
0.01167986;0.92500000;191.00000000
0.01757770;1.36000000;194.00000000
0.02360843;1.79700000;197.00000000
0.02988726;2.24500000;200.00000000
0.03624811;2.69200000;203.00000000
0.04221319;3.11000000;204.00000000
0.04798911;3.53000000;185.00000000
0.05311507;3.94500000;168.00000000
0.05781801;4.36200000;151.00000000
0.06208752;4.78200000;138.00000000
0.06623449;5.22500000;129.00000000
0.07006700;5.65000000;125.00000000
0.07393808;6.09200000;121.00000000
0.07788752;6.55700000;120.00000000
0.08183973;7.02200000;122.00000000
0.08575178;7.47200000;126.00000000
0.08966237;7.90200000;132.00000000
0.09365219;8.32200000;137.00000000
0.09799796;8.76200000;142.00000000
0.10265780;9.21700000;148.00000000
0.10708580;9.63700000;153.00000000
0.11198510;10.08500000;158.00000000
0.11684270;10.51200000;162.00000000
0.12186010;10.94700000;167.00000000
0.12719400;11.39500000;171.00000000
0.13260730;11.85200000;161.00000000
0.13718910;12.27500000;147.00000000
0.14173280;12.73200000;134.00000000
0.14580410;13.17700000;124.00000000
0.14939750;13.60200000;116.00000000
0.15279870;14.02700000;109.00000000
0.15619330;14.46500000;110.00000000
0.15955530;14.89500000;113.00000000
0.16314540;15.33700000;117.00000000
0.16681920;15.77200000;122.00000000
0.17076990;16.22000000;127.00000000
0.17475930;16.66000000;130.00000000
0.17879200;17.09000000;136.00000000
0.18309720;17.53200000;141.00000000
0.18747990;17.96200000;146.00000000
0.19206750;18.40200000;151.00000000
0.19655920;18.82000000;155.00000000
0.20123310;19.24200000;159.00000000
0.20589370;19.65500000;162.00000000
0.21086960;20.09000000;162.00000000
0.21576860;20.51500000;164.00000000
0.22109940;20.97000000;167.00000000
0.22624950;21.40200000;171.00000000
0.23153350;21.83700000;174.00000000
0.23705570;22.28200000;178.00000000
0.24283450;22.73700000;182.00000000
0.24836400;23.16700000;185.00000000
0.25409190;23.60200000;189.00000000
0.25978110;24.02700000;187.00000000
0.26511460;24.45200000;170.00000000
0.27013190;24.88700000;157.00000000
0.27491190;25.33200000;146.00000000
0.27921890;25.76500000;136.00000000
0.28340910;26.21200000;129.00000000
0.28735700;26.65000000;127.00000000
0.29146390;27.10500000;129.00000000
0.29557510;27.55200000;133.00000000
0.29964410;27.98000000;137.00000000
0.30391050;28.41000000;142.00000000
0.30821730;28.83500000;146.00000000
0.31283740;29.27500000;151.00000000
0.31730340;29.69000000;155.00000000
0.32212410;30.12700000;159.00000000
0.32702280;30.55700000;164.00000000
0.33211900;30.99500000;168.00000000
0.33733390;31.43000000;171.00000000
0.34258850;31.86200000;175.00000000
0.34808050;32.30200000;179.00000000
0.35344910;32.72500000;182.00000000
0.35929650;33.17700000;185.00000000
0.36471620;33.59000000;188.00000000
0.37048730;34.02000000;191.00000000
0.37632470;34.45000000;194.00000000
0.38213460;34.87200000;197.00000000
0.38826180;35.31000000;200.00000000
0.39442300;35.74700000;202.00000000
0.40054490;36.17500000;205.00000000
0.40678740;36.60500000;207.00000000
0.41325910;37.05000000;199.00000000
0.41927270;37.50200000;180.00000000
0.42461230;37.95000000;160.00000000
0.42931280;38.39200000;141.00000000
0.43353500;38.84500000;123.00000000
0.43709140;39.28200000;106.00000000
0.44017230;39.71500000;95.00000000
0.44293420;40.14000000;87.00000000
0.44554010;40.56200000;85.00000000
0.44823130;40.98700000;93.00000000
0.45115820;41.41500000;102.00000000
0.45459200;41.87000000;110.00000000
0.45806900;42.30500000;117.00000000
0.46178240;42.74200000;123.00000000
0.46549610;43.16200000;129.00000000
0.46956570;43.59500000;135.00000000
0.47379050;44.03000000;141.00000000
0.47801890;44.44700000;145.00000000
0.48252420;44.88200000;149.00000000
0.48702620;45.30500000;153.00000000
0.49188740;45.75000000;157.00000000
0.49663180;46.17500000;162.00000000
0.50176370;46.61700000;166.00000000
0.50690010;47.05000000;171.00000000
0.51223340;47.48700000;176.00000000
0.51729040;47.93000000;180.00000000
0.52254500;48.37000000;184.00000000
0.52902420;48.79200000;188.00000000
0.53423910;49.21700000;190.00000000
0.53980980;49.64500000;192.00000000
0.54514320;50.08200000;192.00000000
0.55197860;50.52500000;193.00000000
0.55711000;50.94700000;177.00000000
0.56307880;51.39500000;155.00000000
0.56719090;51.82200000;139.00000000
0.57082410;52.24200000;122.00000000
0.57402340;52.67000000;106.00000000
0.57746620;53.09700000;88.00000000
0.57983270;53.53700000;77.00000000
0.58259610;53.99000000;76.00000000
0.58488280;54.44000000;82.00000000
0.58721900;54.87000000;82.00000000
0.58990840;55.30500000;68.00000000
0.59187790;55.75000000;66.00000000
0.59432900;56.21200000;72.00000000
0.59650280;56.68000000;82.00000000
0.59957970;57.14000000;92.00000000
0.60222930;57.57500000;97.00000000
0.60586550;58.02500000;99.00000000
0.60866320;58.46700000;102.00000000
0.61234530;58.90700000;110.00000000
0.61551860;59.33700000;115.00000000
0.61897690;59.76000000;121.00000000
0.62329130;60.20700000;129.00000000
0.62703420;60.63000000;134.00000000
0.63181980;61.08500000;140.00000000
0.63593140;61.53500000;144.00000000
0.63996110;61.95700000;144.00000000
0.64498010;62.38700000;144.00000000
0.64904600;62.81700000;146.00000000
0.65331320;63.25200000;146.00000000
0.65845030;63.71000000;150.00000000
0.66280010;64.15200000;154.00000000
0.66819190;64.58700000;158.00000000
0.67267100;65.02200000;162.00000000
0.67739300;65.44700000;166.00000000
0.68334630;65.90000000;170.00000000
0.68803930;66.35700000;173.00000000
0.69428290;66.81500000;176.00000000
0.69933920;67.27200000;179.00000000
0.70570060;67.69500000;183.00000000
0.71075800;68.14200000;187.00000000
0.71751340;68.59200000;191.00000000
0.72284590;69.02000000;194.00000000
0.72837880;69.46200000;196.00000000
0.73501800;69.89200000;176.00000000
0.73979300;70.33500000;158.00000000
0.74394400;70.76700000;142.00000000
0.74856620;71.21000000;121.00000000
0.75172800;71.63500000;104.00000000
0.75449630;72.06200000;89.00000000
0.75729700;72.50000000;74.00000000
0.75942600;72.93200000;66.00000000
0.76132210;73.37000000;68.00000000
0.76381930;73.80000000;70.00000000
0.76594980;74.24500000;72.00000000
0.76867820;74.69000000;79.00000000
0.77121370;75.12200000;86.00000000
0.77389100;75.54200000;95.00000000
0.77724960;76.02000000;104.00000000
0.78068590;76.46700000;112.00000000
0.78440220;76.92500000;119.00000000
0.78822310;77.36700000;125.00000000
0.79237690;77.82200000;132.00000000
0.79661450;78.26700000;138.00000000
0.80115430;78.72500000;143.00000000
0.80560850;79.16000000;148.00000000
0.81039490;79.61000000;153.00000000
0.81525520;80.05000000;158.00000000
0.82027180;80.49500000;162.00000000
0.82521020;80.92000000;166.00000000
0.83046480;81.36200000;171.00000000
0.83603540;81.82200000;175.00000000
0.84136890;82.25000000;178.00000000
0.84705810;82.70000000;182.00000000
0.85278660;83.14200000;186.00000000
0.85847560;83.57500000;189.00000000
0.86440190;84.01500000;192.00000000
0.87032800;84.45000000;195.00000000
0.87637200;84.89000000;197.00000000
0.88198280;85.31500000;177.00000000
0.88707800;85.74700000;158.00000000
0.89193960;86.21000000;139.00000000
0.89601470;86.66000000;120.00000000
0.89948670;87.10200000;102.00000000
0.90232800;87.53000000;86.00000000
0.90470010;87.94200000;76.00000000
0.90710900;88.39200000;70.00000000
0.90939890;88.83500000;71.00000000
0.91168920;89.27500000;77.00000000
0.91425780;89.71500000;86.00000000
0.91706280;90.15000000;93.00000000
0.92007210;90.59700000;94.00000000
0.92291110;91.02200000;95.00000000
0.92590920;91.46000000;99.00000000
0.92911270;91.91000000;102.00000000
0.93235360;92.34200000;110.00000000
0.93579110;92.77500000;117.00000000
0.93954930;93.22000000;123.00000000
0.94333410;93.64500000;129.00000000
0.94740520;94.08200000;135.00000000
0.95163400;94.51700000;140.00000000
0.95597850;94.95000000;146.00000000
0.96056230;95.38700000;150.00000000
0.96514480;95.81000000;156.00000000
0.97004390;96.25200000;160.00000000
0.97521930;96.70200000;165.00000000
0.98035520;97.14000000;169.00000000
0.98521420;97.54500000;173.00000000
0.99051110;97.97500000;177.00000000
0.99603810;98.41500000;181.00000000
