0.00154560;0.00000000;201.00000000
0.00768008;0.43000000;204.00000000
0.01394133;0.86000000;208.00000000
0.02029861;1.29000000;212.00000000
0.02680187;1.72300000;215.00000000
0.03336405;2.15300000;219.00000000
0.04007651;2.58500000;222.00000000
0.04648730;3.01500000;201.00000000
0.05224784;3.44500000;181.00000000
0.05738257;3.87300000;161.00000000
0.06200865;4.30000000;144.00000000
0.06627401;4.73300000;135.00000000
0.07030383;5.16000000;131.00000000
0.07417511;5.58300000;128.00000000
0.07804536;6.01500000;126.00000000
0.08187926;6.44500000;129.00000000
0.08590988;6.87800000;134.00000000
0.09009687;7.30800000;142.00000000
0.09452129;7.74000000;149.00000000
0.09918322;8.17500000;156.00000000
0.10423940;8.62500000;162.00000000
0.10937890;9.06800000;168.00000000
0.11451220;9.49500000;173.00000000
0.11980630;9.92000000;179.00000000
0.12521800;10.34500000;184.00000000
0.13079000;10.77800000;175.00000000
0.13604370;11.22500000;158.00000000
0.14058560;11.65500000;144.00000000
0.14477610;12.08300000;133.00000000
0.14860690;12.50800000;123.00000000
0.15224450;12.93800000;116.00000000
0.15591640;13.38500000;115.00000000
0.15951620;13.81800000;119.00000000
0.16318500;14.25000000;123.00000000
0.16697710;14.67500000;130.00000000
0.17112560;15.11500000;135.00000000
0.17515490;15.53300000;140.00000000
0.17950330;15.96300000;147.00000000
0.18408450;16.39500000;154.00000000
0.18874530;16.81800000;159.00000000
0.19380560;17.26000000;165.00000000
0.19885610;17.69000000;170.00000000
0.20407920;18.12000000;174.00000000
0.20948760;18.55500000;177.00000000
0.21486050;18.98800000;178.00000000
0.22058470;19.43800000;182.00000000
0.22613070;19.86800000;186.00000000
0.23189030;20.30000000;191.00000000
0.23772890;20.73000000;195.00000000
0.24370710;21.16000000;199.00000000
0.24962780;21.58000000;202.00000000
0.25579080;22.01000000;206.00000000
0.26199350;22.45000000;189.00000000
0.26752450;22.88500000;172.00000000
0.27242320;23.30500000;159.00000000
0.27720220;23.74500000;148.00000000
0.28139320;24.16000000;139.00000000
0.28554080;24.59000000;134.00000000
0.28976490;25.03300000;136.00000000
0.29387490;25.45500000;140.00000000
0.29822460;25.88500000;147.00000000
0.30284420;26.32300000;153.00000000
0.30750610;26.74500000;159.00000000
0.31244150;27.17800000;164.00000000
0.31746140;27.60500000;170.00000000
0.32247980;28.01800000;175.00000000
0.32773390;28.44000000;180.00000000
0.33330430;28.87300000;185.00000000
0.33895390;29.30300000;189.00000000
0.34448500;29.71300000;194.00000000
0.35029210;30.13300000;197.00000000
0.35636960;30.56500000;201.00000000
0.36238220;30.98800000;204.00000000
0.36890850;31.43800000;208.00000000
0.37533770;31.87300000;211.00000000
0.38173920;32.30000000;215.00000000
0.38857840;32.74800000;218.00000000
0.39545130;33.19300000;221.00000000
0.40224260;33.62800000;224.00000000
0.40923630;34.06800000;224.00000000
0.41579140;34.50500000;202.00000000
0.42152680;34.93500000;180.00000000
0.42678340;35.37500000;160.00000000
0.43112530;35.78500000;141.00000000
0.43511610;36.21500000;122.00000000
0.43851210;36.64000000;105.00000000
0.44159280;37.07300000;95.00000000
0.44439520;37.50500000;89.00000000
0.44712350;37.93500000;94.00000000
0.45008860;38.36300000;102.00000000
0.45336720;38.80000000;111.00000000
0.45688350;39.22800000;121.00000000
0.46075530;39.66500000;129.00000000
0.46478490;40.09500000;137.00000000
0.46901300;40.52300000;144.00000000
0.47355310;40.95800000;152.00000000
0.47829540;41.39000000;158.00000000
0.48228700;41.82000000;161.00000000
0.48809350;42.24800000;167.00000000
0.49279800;42.67500000;172.00000000
0.49773730;43.10800000;177.00000000
0.50405480;43.54000000;183.00000000
0.50934930;43.97500000;189.00000000
0.51488040;44.41000000;195.00000000
0.52029280;44.83800000;199.00000000
0.52748340;45.26800000;203.00000000
0.53309350;45.70300000;206.00000000
0.53890100;46.13300000;208.00000000
0.54652600;46.57300000;210.00000000
0.55225510;46.99500000;202.00000000
0.55766230;47.42800000;183.00000000
0.56363250;47.85800000;161.00000000
0.56790280;48.29000000;142.00000000
0.57169350;48.72300000;124.00000000
0.57572320;49.16500000;103.00000000
0.57837460;49.59000000;89.00000000
0.58077990;50.02000000;79.00000000
0.58373690;50.45000000;83.00000000
0.58622970;50.88000000;91.00000000
0.58864370;51.31500000;77.00000000
0.59116880;51.74300000;67.00000000
0.59318230;52.17500000;71.00000000
0.59535590;52.60500000;81.00000000
0.59784540;53.03800000;92.00000000
0.60132000;53.46800000;101.00000000
0.60420670;53.89800000;104.00000000
0.60716370;54.33000000;105.00000000
0.61096080;54.76000000;114.00000000
0.61432730;55.19300000;121.00000000
0.61782630;55.62300000;127.00000000
0.62253870;56.05300000;137.00000000
0.62648740;56.48300000;144.00000000
0.63063310;56.91500000;150.00000000
0.63597100;57.35800000;155.00000000
0.64031740;57.78500000;154.00000000
0.64466460;58.21500000;156.00000000
0.65031030;58.64800000;157.00000000
0.65472810;59.07800000;159.00000000
0.65928150;59.51000000;163.00000000
0.66504090;59.94000000;169.00000000
0.66985550;60.37000000;173.00000000
0.67481030;60.80300000;178.00000000
0.67987750;61.23300000;183.00000000
0.68650040;61.66300000;188.00000000
0.69191270;62.08000000;192.00000000
0.69732450;62.51000000;195.00000000
0.70411980;62.94300000;199.00000000
0.70981000;63.39500000;202.00000000
0.71569650;63.81500000;206.00000000
0.72292480;64.24800000;210.00000000
0.72885340;64.67800000;206.00000000
0.73434680;65.11000000;185.00000000
0.73924020;65.53000000;166.00000000
0.74469470;65.95800000;143.00000000
0.74856620;66.40300000;125.00000000
0.75188610;66.83000000;107.00000000
0.75520580;67.26000000;87.00000000
0.75757330;67.68800000;74.00000000
0.75962280;68.11500000;70.00000000
0.76222380;68.54500000;72.00000000
0.76444980;68.96000000;76.00000000
0.76654290;69.39000000;78.00000000
0.76930960;69.81500000;86.00000000
0.77203740;70.24300000;94.00000000
0.77499720;70.66500000;104.00000000
0.77823780;71.08500000;114.00000000
0.78191050;71.52300000;123.00000000
0.78578170;71.95500000;131.00000000
0.78991780;72.38800000;139.00000000
0.79419760;72.81300000;146.00000000
0.79870970;73.24300000;153.00000000
0.80346800;73.67300000;159.00000000
0.80841700;74.10500000;165.00000000
0.81355990;74.54300000;171.00000000
0.81877060;74.96800000;176.00000000
0.82414360;75.39800000;181.00000000
0.82979330;75.83300000;186.00000000
0.83552180;76.26500000;191.00000000
0.84136890;76.69500000;196.00000000
0.84741370;77.12800000;199.00000000
0.85337920;77.55000000;203.00000000
0.85970040;77.98800000;206.00000000
0.86602180;78.42000000;210.00000000
0.87246130;78.85300000;213.00000000
0.87874260;79.28000000;198.00000000
0.88439320;79.71000000;176.00000000
0.88956700;80.15300000;155.00000000
0.89395540;80.58000000;136.00000000
0.89787050;81.02000000;116.00000000
0.90106670;81.44300000;99.00000000
0.90387010;81.87500000;82.00000000
0.90624060;82.29500000;74.00000000
0.90856940;82.72500000;74.00000000
0.91097860;83.16000000;80.00000000
0.91350690;83.58800000;90.00000000
0.91639100;84.02000000;98.00000000
0.91931630;84.43800000;100.00000000
0.92235970;84.86800000;101.00000000
0.92547300;85.30000000;104.00000000
0.92863910;85.73000000;105.00000000
0.93199800;86.16300000;115.00000000
0.93563290;86.59500000;123.00000000
0.93954930;87.03000000;131.00000000
0.94368760;87.46500000;139.00000000
0.94795900;87.89000000;146.00000000
0.95250170;88.32300000;153.00000000
0.95728250;88.75500000;160.00000000
0.96222090;89.18800000;165.00000000
0.96739680;89.62300000;171.00000000
0.97265140;90.05300000;176.00000000
0.97810330;90.48500000;182.00000000
0.98371250;90.91500000;187.00000000
0.98956160;91.35500000;192.00000000
0.99533050;91.77500000;196.00000000
