0.00044969;0.07200000;171.00000000
0.00574230;0.51000000;174.00000000
0.01108687;0.94200000;177.00000000
0.01661719;1.38000000;180.00000000
0.02206912;1.80700000;183.00000000
0.02758859;2.23200000;186.00000000
0.03316651;2.65700000;188.00000000
0.03881248;3.08000000;191.00000000
0.04490209;3.53200000;187.00000000
0.05047879;3.98000000;168.00000000
0.05548662;4.42700000;150.00000000
0.05991383;4.87000000;136.00000000
0.06410063;5.32200000;127.00000000
0.06801224;5.76500000;122.00000000
0.07176528;6.20700000;119.00000000
0.07555796;6.66500000;115.00000000
0.07899368;7.08700000;116.00000000
0.08255142;7.52000000;118.00000000
0.08606790;7.93500000;121.00000000
0.08978089;8.36500000;125.00000000
0.09365219;8.79500000;129.00000000
0.09768191;9.23000000;134.00000000
0.10174780;9.65200000;138.00000000
0.10601950;10.08500000;142.00000000
0.11024610;10.50500000;145.00000000
0.11459120;10.92500000;149.00000000
0.11909510;11.34700000;153.00000000
0.12383550;11.78200000;156.00000000
0.12849810;12.20000000;160.00000000
0.13323930;12.62700000;152.00000000
0.13762360;13.05500000;139.00000000
0.14173280;13.49000000;129.00000000
0.14588310;13.96200000;119.00000000
0.14939750;14.39000000;112.00000000
0.15256120;14.80200000;106.00000000
0.15595600;15.25500000;105.00000000
0.15924150;15.69500000;107.00000000
0.16267080;16.13700000;110.00000000
0.16603080;16.56200000;114.00000000
0.16970310;17.00700000;118.00000000
0.17357410;17.46200000;122.00000000
0.17740840;17.90200000;126.00000000
0.18116340;18.32000000;130.00000000
0.18530810;18.76000000;135.00000000
0.18973310;19.21700000;139.00000000
0.19416270;19.66700000;142.00000000
0.19830190;20.07500000;145.00000000
0.20305410;20.53200000;149.00000000
0.20786830;20.98700000;152.00000000
0.21272750;21.43700000;154.00000000
0.21715140;21.84500000;156.00000000
0.22208970;22.29000000;158.00000000
0.22702490;22.72700000;161.00000000
0.23196960;23.16000000;164.00000000
0.23713490;23.60000000;168.00000000
0.24279490;24.07500000;171.00000000
0.24840350;24.53700000;174.00000000
0.25401290;24.99000000;177.00000000
0.25946510;25.42200000;178.00000000
0.26452200;25.84200000;163.00000000
0.26922330;26.27000000;151.00000000
0.27388470;26.72000000;142.00000000
0.27783520;27.13000000;134.00000000
0.28174920;27.55700000;126.00000000
0.28569900;28.01000000;122.00000000
0.28944870;28.44500000;122.00000000
0.29324220;28.88500000;124.00000000
0.29715610;29.32200000;128.00000000
0.30106710;29.75200000;131.00000000
0.30517410;30.18700000;135.00000000
0.30936220;30.62200000;139.00000000
0.31354990;31.04500000;142.00000000
0.31801400;31.48500000;145.00000000
0.32240070;31.91000000;149.00000000
0.32698330;32.34200000;152.00000000
0.33184240;32.79000000;156.00000000
0.33685980;33.24000000;159.00000000
0.34183790;33.68000000;163.00000000
0.34689580;34.11500000;166.00000000
0.35187090;34.54000000;169.00000000
0.35716040;34.98000000;172.00000000
0.36234260;35.40500000;175.00000000
0.36792020;35.85200000;177.00000000
0.37340440;36.29000000;180.00000000
0.37873640;36.70700000;183.00000000
0.38446630;37.14700000;185.00000000
0.39031910;37.59500000;188.00000000
0.39616280;38.03500000;190.00000000
0.40236160;38.49500000;192.00000000
0.40824820;38.93000000;194.00000000
0.41401000;39.35000000;190.00000000
0.41958880;39.79000000;171.00000000
0.42453320;40.22200000;153.00000000
0.42887870;40.65000000;136.00000000
0.43282420;41.09200000;118.00000000
0.43602590;41.50700000;102.00000000
0.43910500;41.96200000;89.00000000
0.44171110;42.38500000;83.00000000
0.44415870;42.80000000;82.00000000
0.44684620;43.25000000;86.00000000
0.44949590;43.68000000;91.00000000
0.45253780;44.13700000;95.00000000
0.45538220;44.55000000;100.00000000
0.45846410;44.97500000;106.00000000
0.46194040;45.42700000;112.00000000
0.46549610;45.86500000;117.00000000
0.46924980;46.31000000;123.00000000
0.47319700;46.75500000;128.00000000
0.47698940;47.17200000;132.00000000
0.48129860;47.63000000;135.00000000
0.48556480;48.07000000;138.00000000
0.48995170;48.51700000;141.00000000
0.49434180;48.95500000;145.00000000
0.49856650;49.37700000;149.00000000
0.50271050;49.81200000;153.00000000
0.50709760;50.23700000;157.00000000
0.51266800;50.65000000;162.00000000
0.51732990;51.07200000;166.00000000
0.52222890;51.53200000;170.00000000
0.52807600;51.99700000;174.00000000
0.53317250;52.41200000;176.00000000
0.53822940;52.83500000;178.00000000
0.54439250;53.29200000;180.00000000
0.54956840;53.72500000;182.00000000
0.55588690;54.15700000;175.00000000
0.56058970;54.60200000;160.00000000
0.56493750;55.02200000;143.00000000
0.56959970;55.48200000;123.00000000
0.57280000;55.93000000;107.00000000
0.57623620;56.38200000;91.00000000
0.57861090;56.81500000;80.00000000
0.58141180;57.27700000;74.00000000
0.58361900;57.73000000;75.00000000
0.58630890;58.17200000;81.00000000
0.58852490;58.61700000;72.00000000
0.59097210;59.06000000;63.00000000
0.59278690;59.50200000;64.00000000
0.59476350;59.94200000;71.00000000
0.59745070;60.38500000;79.00000000
0.59977770;60.83700000;85.00000000
0.60282290;61.28000000;91.00000000
0.60551120;61.70500000;94.00000000
0.60826710;62.14000000;96.00000000
0.61167320;62.56200000;101.00000000
0.61476420;63.01000000;106.00000000
0.61845990;63.45000000;112.00000000
0.62174670;63.89000000;117.00000000
0.62507090;64.33500000;122.00000000
0.62952640;64.76000000;128.00000000
0.63324370;65.21200000;132.00000000
0.63787020;65.66500000;135.00000000
0.64170150;66.08700000;135.00000000
0.64553150;66.50200000;136.00000000
0.65046830;66.95700000;138.00000000
0.65433570;67.38500000;138.00000000
0.65829220;67.83500000;141.00000000
0.66331870;68.27500000;144.00000000
0.66728810;68.74200000;147.00000000
0.67259160;69.19000000;151.00000000
0.67799000;69.64700000;155.00000000
0.68255770;70.09700000;158.00000000
0.68693440;70.52000000;161.00000000
0.69270270;70.95200000;165.00000000
0.69748250;71.39700000;168.00000000
0.70214470;71.84500000;171.00000000
0.70830880;72.29500000;174.00000000
0.71324790;72.73000000;177.00000000
0.71948860;73.17500000;181.00000000
0.72470310;73.60200000;183.00000000
0.73118810;74.05700000;182.00000000
0.73600470;74.52500000;166.00000000
0.74141530;74.96700000;146.00000000
0.74536650;75.41000000;129.00000000
0.74963280;75.86200000;108.00000000
0.75247940;76.31200000;94.00000000
0.75489090;76.74200000;81.00000000
0.75761280;77.18200000;69.00000000
0.75950470;77.62200000;66.00000000
0.76191010;78.06500000;67.00000000
0.76389810;78.49000000;69.00000000
0.76594980;78.92700000;71.00000000
0.76844100;79.33500000;75.00000000
0.77081630;79.76500000;81.00000000
0.77349600;80.21000000;88.00000000
0.77622220;80.63200000;93.00000000
0.77914630;81.06200000;99.00000000
0.78226590;81.49500000;105.00000000
0.78558430;81.93500000;111.00000000
0.78913100;82.37500000;116.00000000
0.79269410;82.80200000;121.00000000
0.79645570;83.23000000;126.00000000
0.80060420;83.68700000;131.00000000
0.80465530;84.11500000;136.00000000
0.80885280;84.55000000;140.00000000
0.81308500;84.97200000;143.00000000
0.81734840;85.39200000;147.00000000
0.82193120;85.82700000;150.00000000
0.82679060;86.28200000;154.00000000
0.83153160;86.71200000;158.00000000
0.83639090;87.14500000;161.00000000
0.84125040;87.57000000;164.00000000
0.84630740;88.00200000;168.00000000
0.85152240;88.43700000;171.00000000
0.85669790;88.86500000;174.00000000
0.86207090;89.30000000;177.00000000
0.86768110;89.74700000;180.00000000
0.87344880;90.20000000;182.00000000
0.87909830;90.63700000;181.00000000
0.88466980;91.09700000;162.00000000
0.88944830;91.54200000;143.00000000
0.89359930;91.97700000;126.00000000
0.89723950;92.41700000;108.00000000
0.90035640;92.85500000;93.00000000
0.90303890;93.29500000;81.00000000
0.90560880;93.76500000;71.00000000
0.90793780;94.22000000;69.00000000
0.91007060;94.65200000;70.00000000
0.91232130;95.08700000;75.00000000
0.91481090;95.53700000;82.00000000
0.91745810;95.98000000;87.00000000
0.92011200;96.40200000;89.00000000
0.92291110;96.83700000;90.00000000
0.92563160;97.25500000;94.00000000
0.92863910;97.69700000;97.00000000
0.93168180;98.13500000;102.00000000
0.93484130;98.56000000;107.00000000
0.93832060;99.01000000;112.00000000
0.94170800;99.43000000;117.00000000
0.94542460;99.86700000;122.00000000
0.94930480;100.31000000;127.00000000
0.95329240;100.74500000;132.00000000
0.95736160;101.17200000;137.00000000
0.96170750;101.61700000;141.00000000
0.96597440;102.04200000;144.00000000
0.97047840;102.48200000;148.00000000
0.97533790;102.94000000;152.00000000
0.98035520;103.40200000;156.00000000
0.98533280;103.85000000;160.00000000
0.99062980;104.31500000;164.00000000
0.99592020;104.77000000;167.00000000
