0.00000000;0.05700000
0.00500000;0.47286850
0.01000000;0.89060146
0.01500000;1.30446898
0.02000000;1.71186097
0.02500000;2.11387728
0.03000000;2.51205772
0.03500000;2.90591188
0.04000000;3.29492500
0.04500000;3.68132262
0.05000000;4.06379071
0.05500000;4.44409081
0.06000000;4.81765530
0.06500000;5.19140186
0.07000000;5.56044238
0.07500000;5.92946200
0.08000000;6.29317827
0.08500000;6.65498971
0.09000000;7.01383742
0.09500000;7.37025609
0.10000000;7.72416142
0.10500000;8.07556587
0.11000000;8.42612385
0.11500000;8.77332166
0.12000000;9.11859673
0.12500000;9.46196184
0.13000000;9.80427063
0.13500000;10.14378297
0.14000000;10.48230071
0.14500000;10.81820889
0.15000000;11.15493502
0.15500000;11.50865410
0.16000000;11.89189605
0.16500000;12.31077940
0.17000000;12.77728476
0.17500000;13.30540250
0.18000000;13.91000201
0.18500000;14.64578338
0.19000000;15.47566318
0.19500000;16.27327051
0.20000000;16.99132074
0.20500000;17.66199648
0.21000000;18.32177999
0.21500000;18.95755807
0.22000000;19.56891986
0.22500000;20.15601451
0.23000000;20.71424520
0.23500000;21.25901474
0.24000000;21.81023497
0.24500000;22.36199664
0.25000000;22.92668224
0.25500000;23.50121802
0.26000000;24.07679767
0.26500000;24.64316954
0.27000000;25.19720986
0.27500000;25.74219768
0.28000000;26.27251210
0.28500000;26.79033375
0.29000000;27.29602384
0.29500000;27.79637930
0.30000000;28.28007305
0.30500000;28.75549712
0.31000000;29.22312839
0.31500000;29.67968706
0.32000000;30.12761905
0.32500000;30.57033576
0.33000000;31.00451733
0.33500000;31.43175182
0.34000000;31.85244995
0.34500000;32.26722354
0.35000000;32.67876855
0.35500000;33.10832700
0.36000000;33.58633136
0.36500000;34.12742506
0.37000000;34.76615268
0.37500000;35.52333188
0.38000000;36.33469427
0.38500000;37.14506194
0.39000000;37.92233698
0.39500000;38.64326270
0.40000000;39.30898700
0.40500000;39.93295286
0.41000000;40.52217673
0.41500000;41.08443135
0.42000000;41.62709169
0.42500000;42.14991294
0.43000000;42.65562880
0.43500000;43.14670242
0.44000000;43.62311231
0.44500000;44.14736477
0.45000000;44.75389646
0.45500000;45.50075077
0.46000000;46.40627639
0.46500000;47.36471126
0.47000000;48.29208021
0.47500000;49.11980157
0.48000000;49.86137060
0.48500000;50.52866407
0.49000000;51.14629382
0.49500000;51.72043761
0.50000000;52.26710829
0.50500000;52.78939780
0.51000000;53.29283982
0.51500000;53.78312338
0.52000000;54.25652002
0.52500000;54.72274774
0.53000000;55.17593651
0.53500000;55.62736735
0.54000000;56.13255028
0.54500000;56.71601602
0.55000000;57.39479644
0.55500000;58.14291091
0.56000000;58.89211025
0.56500000;59.62215864
0.57000000;60.33151620
0.57500000;61.00273622
0.58000000;61.64559351
0.58500000;62.25093151
0.59000000;62.82874297
0.59500000;63.38510128
0.60000000;63.91962892
0.60500000;64.44070759
0.61000000;64.94688381
0.61500000;65.44770477
0.62000000;65.98801631
0.62500000;66.55719528
0.63000000;67.14166857
0.63500000;67.74486765
0.64000000;68.36249556
0.64500000;68.96722182
0.65000000;69.54486305
0.65500000;70.09576515
0.66000000;70.62610444
0.66500000;71.14080367
0.67000000;71.64025290
0.67500000;72.12593747
0.68000000;72.59939491
0.68500000;73.05733732
0.69000000;73.50868730
0.69500000;73.94893839
0.70000000;74.38210197
0.70500000;74.80644115
0.71000000;75.22489310
0.71500000;75.63788458
0.72000000;76.04615888
0.72500000;76.44808911
0.73000000;76.85588120
0.73500000;77.30683446
0.74000000;77.81256640
0.74500000;78.40547935
0.75000000;79.13898602
0.75500000;80.13398089
0.76000000;81.36450517
0.76500000;82.52326649
0.77000000;83.46964369
0.77500000;84.27633328
0.78000000;84.98261874
0.78500000;85.64798672
0.79000000;86.31396296
0.79500000;86.94373703
0.80000000;87.59104699
0.80500000;88.36249241
0.81000000;89.18533287
0.81500000;90.01573389
0.82000000;90.82943605
0.82500000;91.62535779
0.83000000;92.38390622
0.83500000;93.07713040
0.84000000;93.72296514
0.84500000;94.32439644
0.85000000;94.89645116
0.85500000;95.44199777
0.86000000;96.02925981
0.86500000;96.72767983
0.87000000;97.53379327
0.87500000;98.37033256
0.88000000;99.14186278
0.88500000;99.83051388
0.89000000;100.59967606
0.89500000;101.62772503
0.90000000;102.83688823
0.90500000;103.86426396
0.91000000;104.83813007
0.91500000;105.74422314
0.92000000;106.50858707
0.92500000;107.19250524
0.93000000;107.84272802
0.93500000;108.45348114
0.94000000;109.03207606
0.94500000;109.61043329
0.95000000;110.17199694
0.95500000;110.71410537
0.96000000;111.23461636
0.96500000;111.73812920
0.97000000;112.22833597
0.97500000;112.70902571
0.98000000;113.17905948
0.98500000;113.63674634
0.99000000;114.08546594
0.99500000;114.52594302
1.00000000;114.94700000
