0.00000000;0.01700000
0.00500000;0.34219550
0.01000000;0.65847918
0.01500000;0.97482961
0.02000000;1.28843328
0.02500000;1.59995331
0.03000000;1.90859204
0.03500000;2.21731262
0.04000000;2.52341236
0.04500000;2.82744467
0.05000000;3.13126345
0.05500000;3.43187237
0.06000000;3.73127432
0.06500000;4.03060366
0.07000000;4.32878946
0.07500000;4.62333757
0.08000000;4.91877801
0.08500000;5.21141645
0.09000000;5.50383488
0.09500000;5.79485248
0.10000000;6.08618024
0.10500000;6.37303536
0.11000000;6.66268775
0.11500000;6.94948260
0.12000000;7.23637839
0.12500000;7.53066002
0.13000000;7.84996210
0.13500000;8.20261029
0.14000000;8.59603800
0.14500000;9.03793023
0.15000000;9.56084070
0.15500000;10.18841939
0.16000000;10.96797225
0.16500000;11.82478400
0.17000000;12.63619624
0.17500000;13.34282763
0.18000000;14.12104612
0.18500000;14.96104517
0.19000000;15.75636684
0.19500000;16.42082462
0.20000000;17.00900222
0.20500000;17.54927105
0.21000000;18.05124550
0.21500000;18.54629237
0.22000000;19.03608993
0.22500000;19.50165815
0.23000000;19.94973488
0.23500000;20.39549144
0.24000000;20.89076144
0.24500000;21.44583978
0.25000000;22.06244086
0.25500000;22.71000960
0.26000000;23.35696232
0.26500000;23.97716148
0.27000000;24.57959706
0.27500000;25.16234241
0.28000000;25.70474812
0.28500000;26.20993842
0.29000000;26.68395779
0.29500000;27.13757166
0.30000000;27.58068959
0.30500000;28.02444461
0.31000000;28.46593275
0.31500000;28.89970679
0.32000000;29.32969870
0.32500000;29.74788828
0.33000000;30.15598709
0.33500000;30.55391030
0.34000000;30.97939279
0.34500000;31.46735897
0.35000000;32.01746943
0.35500000;32.64092120
0.36000000;33.31955890
0.36500000;34.04416345
0.37000000;34.81601863
0.37500000;35.58779890
0.38000000;36.33492616
0.38500000;37.00438954
0.39000000;37.65507157
0.39500000;38.28927103
0.40000000;38.91182727
0.40500000;39.63995671
0.41000000;40.36366531
0.41500000;41.06540489
0.42000000;41.71572497
0.42500000;42.32056951
0.43000000;42.87793166
0.43500000;43.39092127
0.44000000;43.87433627
0.44500000;44.33828905
0.45000000;44.78185109
0.45500000;45.20920108
0.46000000;45.62088692
0.46500000;46.02045042
0.47000000;46.40945070
0.47500000;46.79255228
0.48000000;47.16711688
0.48500000;47.53423152
0.49000000;47.89578212
0.49500000;48.25046345
0.50000000;48.60061735
0.50500000;48.94492879
0.51000000;49.28620037
0.51500000;49.62210395
0.52000000;49.95326203
0.52500000;50.28252772
0.53000000;50.60660658
0.53500000;50.93524122
0.54000000;51.29694044
0.54500000;51.70210697
0.55000000;52.16602115
0.55500000;52.71346864
0.56000000;53.38514843
0.56500000;54.18096789
0.57000000;54.96990711
0.57500000;55.71598800
0.58000000;56.35381558
0.58500000;56.92122810
0.59000000;57.45116890
0.59500000;58.00832614
0.60000000;58.57622060
0.60500000;59.11928560
0.61000000;59.64378322
0.61500000;60.24902069
0.62000000;60.96963887
0.62500000;61.75252247
0.63000000;62.42619804
0.63500000;63.01368765
0.64000000;63.61504890
0.64500000;64.25462006
0.65000000;64.94597845
0.65500000;65.65311431
0.66000000;66.27131661
0.66500000;66.83810380
0.67000000;67.37098795
0.67500000;67.86398137
0.68000000;68.33234524
0.68500000;68.78228618
0.69000000;69.21632948
0.69500000;69.63414533
0.70000000;70.04073565
0.70500000;70.43566512
0.71000000;70.82079014
0.71500000;71.19998798
0.72000000;71.57535301
0.72500000;71.96153180
0.73000000;72.35704553
0.73500000;72.76201661
0.74000000;73.17519109
0.74500000;73.57873904
0.75000000;73.96929971
0.75500000;74.35183968
0.76000000;74.73040527
0.76500000;75.09996821
0.77000000;75.46355363
0.77500000;75.82214492
0.78000000;76.20058399
0.78500000;76.62943119
0.79000000;77.12595437
0.79500000;77.73025553
0.80000000;78.47083386
0.80500000;79.30977740
0.81000000;80.14922613
0.81500000;80.95796215
0.82000000;81.64076177
0.82500000;82.23652278
0.83000000;82.82729945
0.83500000;83.51631160
0.84000000;84.29173455
0.84500000;85.10088577
0.85000000;85.87926374
0.85500000;86.56606596
0.86000000;87.16146541
0.86500000;87.70469498
0.87000000;88.21334920
0.87500000;88.70609875
0.88000000;89.19054614
0.88500000;89.65425025
0.89000000;90.11991705
0.89500000;90.60401267
0.90000000;91.08606585
0.90500000;91.54378981
0.91000000;91.98521497
0.91500000;92.41513976
0.92000000;92.83129784
0.92500000;93.23895169
0.93000000;93.63322089
0.93500000;94.01967460
0.94000000;94.39756077
0.94500000;94.77007206
0.95000000;95.13465925
0.95500000;95.49433347
0.96000000;95.84764455
0.96500000;96.19461444
0.97000000;96.53783565
0.97500000;96.87694688
0.98000000;97.21034502
0.98500000;97.54183927
0.99000000;97.86842290
0.99500000;98.18975614
1.00000000;98.48200000
