0.00000000;0.05700000
0.00500000;0.48647590
0.01000000;0.94090306
0.01500000;1.38579958
0.02000000;1.82164105
0.02500000;2.24964948
0.03000000;2.67242027
0.03500000;3.08710958
0.04000000;3.49730708
0.04500000;3.90271276
0.05000000;4.30026112
0.05500000;4.69537263
0.06000000;5.08534322
0.06500000;5.47070206
0.07000000;5.85377761
0.07500000;6.23366529
0.08000000;6.61021811
0.08500000;6.98316702
0.09000000;7.36081896
0.09500000;7.76234907
0.10000000;8.20621641
0.10500000;8.70298189
0.11000000;9.27076088
0.11500000;9.95531687
0.12000000;10.84351120
0.12500000;12.03076750
0.13000000;13.29114028
0.13500000;14.24791694
0.14000000;15.05036973
0.14500000;15.76238153
0.15000000;16.45951404
0.15500000;17.26465226
0.16000000;18.09551791
0.16500000;18.91165288
0.17000000;19.71338094
0.17500000;20.46586953
0.18000000;21.15343222
0.18500000;21.78126459
0.19000000;22.36527401
0.19500000;22.97276520
0.20000000;23.70299404
0.20500000;24.59496665
0.21000000;25.66090002
0.21500000;26.76120918
0.22000000;27.81758020
0.22500000;28.71431139
0.23000000;29.62043453
0.23500000;30.54290644
0.24000000;31.40809543
0.24500000;32.16281710
0.25000000;32.84342824
0.25500000;33.46816407
0.26000000;34.05122933
0.26500000;34.60543545
0.27000000;35.13813304
0.27500000;35.64736650
0.28000000;36.14258489
0.28500000;36.61987336
0.29000000;37.08702723
0.29500000;37.54217789
0.30000000;37.98791597
0.30500000;38.42804349
0.31000000;38.89631028
0.31500000;39.42927808
0.32000000;40.04412176
0.32500000;40.72292464
0.33000000;41.39764738
0.33500000;42.04421837
0.34000000;42.64788110
0.34500000;43.24847730
0.35000000;43.96461486
0.35500000;44.88403495
0.36000000;45.91132104
0.36500000;46.85106062
0.37000000;47.66325431
0.37500000;48.37042504
0.38000000;49.01067085
0.38500000;49.60452092
0.39000000;50.16341154
0.39500000;50.69511667
0.40000000;51.20338377
0.40500000;51.69300535
0.41000000;52.16895010
0.41500000;52.62975633
0.42000000;53.07996009
0.42500000;53.51979246
0.43000000;53.95293346
0.43500000;54.37511525
0.44000000;54.79085043
0.44500000;55.20297737
0.45000000;55.64155069
0.45500000;56.13544494
0.46000000;56.70871215
0.46500000;57.39509510
0.47000000;58.23992702
0.47500000;59.20893856
0.48000000;60.19753532
0.48500000;61.16066134
0.49000000;62.04708015
0.49500000;62.82452623
0.50000000;63.51652040
0.50500000;64.15573006
0.51000000;64.75271573
0.51500000;65.31735672
0.52000000;65.86301116
0.52500000;66.38896195
0.53000000;66.89762066
0.53500000;67.39490854
0.54000000;67.87705751
0.54500000;68.36223459
0.55000000;68.88828775
0.55500000;69.45538111
0.56000000;70.03706814
0.56500000;70.61862603
0.57000000;71.17678129
0.57500000;71.71488120
0.58000000;72.24032871
0.58500000;72.74954355
0.59000000;73.24653952
0.59500000;73.73270923
0.60000000;74.20530963
0.60500000;74.66948286
0.61000000;75.12426851
0.61500000;75.57325981
0.62000000;76.01535362
0.62500000;76.44963554
0.63000000;76.87890798
0.63500000;77.30016566
0.64000000;77.71949251
0.64500000;78.16006732
0.65000000;78.66068111
0.65500000;79.23904660
0.66000000;79.92726550
0.66500000;80.70113011
0.67000000;81.49239223
0.67500000;82.24660732
0.68000000;82.93400757
0.68500000;83.56170014
0.69000000;84.15448491
0.69500000;84.81633819
0.70000000;85.56406759
0.70500000;86.31401423
0.71000000;87.03342387
0.71500000;87.72133516
0.72000000;88.36393246
0.72500000;88.95750669
0.73000000;89.51642917
0.73500000;90.04846212
0.74000000;90.55825928
0.74500000;91.04723543
0.75000000;91.52444745
0.75500000;91.98666816
0.76000000;92.43775923
0.76500000;92.88253790
0.77000000;93.31597473
0.77500000;93.74366249
0.78000000;94.16517217
0.78500000;94.58134384
0.79000000;94.99415288
0.79500000;95.40202344
0.80000000;95.80428742
0.80500000;96.20716796
0.81000000;96.60499481
0.81500000;97.00021133
0.82000000;97.39029095
0.82500000;97.77850615
0.83000000;98.16355650
0.83500000;98.54738146
0.84000000;98.92883666
0.84500000;99.30829327
0.85000000;99.68729054
0.85500000;100.06363445
0.86000000;100.44008060
0.86500000;100.82914338
0.87000000;101.26017989
0.87500000;101.74658986
0.88000000;102.30837691
0.88500000;102.95789290
0.89000000;103.64144926
0.89500000;104.30463029
0.90000000;104.95164265
0.90500000;105.58573413
0.91000000;106.18907835
0.91500000;106.76146015
0.92000000;107.31036939
0.92500000;107.85988079
0.93000000;108.50346708
0.93500000;109.28991172
0.94000000;110.17783854
0.94500000;111.08735234
0.95000000;111.97340567
0.95500000;112.80301719
0.96000000;113.53504408
0.96500000;114.19975340
0.97000000;114.81346241
0.97500000;115.38937621
0.98000000;115.93784578
0.98500000;116.46548994
0.99000000;116.97163291
0.99500000;117.46211287
1.00000000;117.91000000
