0.00000000;0.03700000
0.00500000;0.40103132
0.01000000;0.77707482
0.01500000;1.14675435
0.02000000;1.51164237
0.02500000;1.86997635
0.03000000;2.22341674
0.03500000;2.57449030
0.04000000;2.94731363
0.04500000;3.35851339
0.05000000;3.81592371
0.05500000;4.32879043
0.06000000;4.87480470
0.06500000;5.43148921
0.07000000;5.98857964
0.07500000;6.52951414
0.08000000;7.06247175
0.08500000;7.57026305
0.09000000;8.05766310
0.09500000;8.52634517
0.10000000;8.97466459
0.10500000;9.41106310
0.11000000;9.83142447
0.11500000;10.24186170
0.12000000;10.64029700
0.12500000;11.03129791
0.13000000;11.41655925
0.13500000;11.79398199
0.14000000;12.16715585
0.14500000;12.53494105
0.15000000;12.89987288
0.15500000;13.26517368
0.16000000;13.65502277
0.16500000;14.09548564
0.17000000;14.59043499
0.17500000;15.15102579
0.18000000;15.73508845
0.18500000;16.30676432
0.19000000;16.85829387
0.19500000;17.38581096
0.20000000;17.89689600
0.20500000;18.40358171
0.21000000;18.91434510
0.21500000;19.41724886
0.22000000;19.89876610
0.22500000;20.36289642
0.23000000;20.81021241
0.23500000;21.24143090
0.24000000;21.66277754
0.24500000;22.07214714
0.25000000;22.47125460
0.25500000;22.86205493
0.26000000;23.24781559
0.26500000;23.62686705
0.27000000;24.00093095
0.27500000;24.36828735
0.28000000;24.73054344
0.28500000;25.08813016
0.29000000;25.44069641
0.29500000;25.78884613
0.30000000;26.13363921
0.30500000;26.49545307
0.31000000;26.87686301
0.31500000;27.26473958
0.32000000;27.65354194
0.32500000;28.04772726
0.33000000;28.44526047
0.33500000;28.84385260
0.34000000;29.23498112
0.34500000;29.62234008
0.35000000;30.00424980
0.35500000;30.39105334
0.36000000;30.80641566
0.36500000;31.27267026
0.37000000;31.81387103
0.37500000;32.46500545
0.38000000;33.23335373
0.38500000;34.09399503
0.39000000;34.94050541
0.39500000;35.74804454
0.40000000;36.53631254
0.40500000;37.21612102
0.41000000;37.82474653
0.41500000;38.38658943
0.42000000;38.90586127
0.42500000;39.39789021
0.43000000;39.86629841
0.43500000;40.31951060
0.44000000;40.75720060
0.44500000;41.18092151
0.45000000;41.59829105
0.45500000;42.01507966
0.46000000;42.43012482
0.46500000;42.84661821
0.47000000;43.31495225
0.47500000;43.84935344
0.48000000;44.47207718
0.48500000;45.25199154
0.49000000;46.14908107
0.49500000;46.92400313
0.50000000;47.59697524
0.50500000;48.21565890
0.51000000;48.78432548
0.51500000;49.32135468
0.52000000;49.82790096
0.52500000;50.31142071
0.53000000;50.77588560
0.53500000;51.22407952
0.54000000;51.65724769
0.54500000;52.07773089
0.55000000;52.48768435
0.55500000;52.88438275
0.56000000;53.27479825
0.56500000;53.65672354
0.57000000;54.03373437
0.57500000;54.40159112
0.58000000;54.76882908
0.58500000;55.16999594
0.59000000;55.62247109
0.59500000;56.14271072
0.60000000;56.77001578
0.60500000;57.52956523
0.61000000;58.31167717
0.61500000;59.10853328
0.62000000;60.02036927
0.62500000;60.83546382
0.63000000;61.51661039
0.63500000;62.12985016
0.64000000;62.78152708
0.64500000;63.46525243
0.65000000;64.14193771
0.65500000;64.76796941
0.66000000;65.35362196
0.66500000;65.89797882
0.67000000;66.40683361
0.67500000;66.89351261
0.68000000;67.36288545
0.68500000;67.81322046
0.69000000;68.25397079
0.69500000;68.68253101
0.70000000;69.10109761
0.70500000;69.51344589
0.71000000;69.92037011
0.71500000;70.31885349
0.72000000;70.71090411
0.72500000;71.09490439
0.73000000;71.47294900
0.73500000;71.84750583
0.74000000;72.21297845
0.74500000;72.57586827
0.75000000;72.93354510
0.75500000;73.28920469
0.76000000;73.63951026
0.76500000;73.98701500
0.77000000;74.34760686
0.77500000;74.74534020
0.78000000;75.17890568
0.78500000;75.63157932
0.79000000;76.11209341
0.79500000;76.63573742
0.80000000;77.17490204
0.80500000;77.71581059
0.81000000;78.23571361
0.81500000;78.73920539
0.82000000;79.22148452
0.82500000;79.68967250
0.83000000;80.14431312
0.83500000;80.58479784
0.84000000;81.00906603
0.84500000;81.42441917
0.85000000;81.82898430
0.85500000;82.22244951
0.86000000;82.61158485
0.86500000;82.99305522
0.87000000;83.36994195
0.87500000;83.74054590
0.88000000;84.10418570
0.88500000;84.46451829
0.89000000;84.81929859
0.89500000;85.18230168
0.90000000;85.57752647
0.90500000;86.01452733
0.91000000;86.51901447
0.91500000;87.11771345
0.92000000;87.84636222
0.92500000;88.62380458
0.93000000;89.40443536
0.93500000;90.15007320
0.94000000;90.80874409
0.94500000;91.40501005
0.95000000;91.95436875
0.95500000;92.47225342
0.96000000;92.96718489
0.96500000;93.44420386
0.97000000;93.90355997
0.97500000;94.34791076
0.98000000;94.77726224
0.98500000;95.19503743
0.99000000;95.60116636
0.99500000;95.99920098
1.00000000;96.36500000
