0.00000000;0.04500000
0.00500000;0.43523759
0.01000000;0.84132859
0.01500000;1.24054664
0.02000000;1.63478250
0.02500000;2.02197817
0.03000000;2.40453971
0.03500000;2.78491503
0.04000000;3.18231369
0.04500000;3.61440088
0.05000000;4.09998299
0.05500000;4.64102284
0.06000000;5.21235352
0.06500000;5.80018021
0.07000000;6.39478019
0.07500000;6.97982618
0.08000000;7.55208278
0.08500000;8.09730553
0.09000000;8.62266310
0.09500000;9.12621842
0.10000000;9.61158090
0.10500000;10.08257887
0.11000000;10.53750505
0.11500000;10.98443351
0.12000000;11.41794414
0.12500000;11.84368082
0.13000000;12.26052121
0.13500000;12.67060389
0.14000000;13.07311035
0.14500000;13.47092926
0.15000000;13.86131401
0.15500000;14.25166250
0.16000000;14.66663262
0.16500000;15.13337364
0.17000000;15.65468460
0.17500000;16.24578221
0.18000000;16.86611835
0.18500000;17.47123489
0.19000000;18.06586410
0.19500000;18.62998356
0.20000000;19.18114600
0.20500000;19.72851832
0.21000000;20.27616450
0.21500000;20.80469869
0.22000000;21.31514885
0.22500000;21.80586148
0.23000000;22.28124315
0.23500000;22.74191741
0.24000000;23.19277772
0.24500000;23.63025007
0.25000000;24.06100736
0.25500000;24.48284944
0.26000000;24.89523521
0.26500000;25.30215298
0.27000000;25.70421847
0.27500000;26.09941723
0.28000000;26.48978342
0.28500000;26.87313016
0.29000000;27.25314263
0.29500000;27.62724343
0.30000000;28.00019907
0.30500000;28.39015040
0.31000000;28.80148399
0.31500000;29.22081817
0.32000000;29.64323057
0.32500000;30.06928815
0.33000000;30.50071332
0.33500000;30.92974746
0.34000000;31.35115093
0.34500000;31.76733910
0.35000000;32.18269936
0.35500000;32.59539243
0.36000000;33.03441667
0.36500000;33.52104172
0.37000000;34.08249866
0.37500000;34.75450681
0.38000000;35.55383630
0.38500000;36.45579666
0.39000000;37.34388176
0.39500000;38.20505567
0.40000000;39.04096549
0.40500000;39.77115211
0.41000000;40.42779514
0.41500000;41.03050179
0.42000000;41.59535745
0.42500000;42.12840577
0.43000000;42.63723208
0.43500000;43.12982955
0.44000000;43.60362154
0.44500000;44.06430730
0.45000000;44.51788527
0.45500000;44.97483400
0.46000000;45.42479043
0.46500000;45.86861251
0.47000000;46.35709056
0.47500000;46.91168718
0.48000000;47.55107835
0.48500000;48.33251494
0.49000000;49.27239585
0.49500000;50.14180113
0.50000000;50.88693433
0.50500000;51.56019676
0.51000000;52.18659318
0.51500000;52.77693076
0.52000000;53.33257564
0.52500000;53.86365253
0.53000000;54.37426289
0.53500000;54.86532897
0.54000000;55.34265524
0.54500000;55.80346084
0.55000000;56.25164469
0.55500000;56.69127916
0.56000000;57.11638726
0.56500000;57.53489177
0.57000000;57.94419730
0.57500000;58.34623286
0.58000000;58.74099466
0.58500000;59.16224047
0.59000000;59.63310919
0.59500000;60.17177889
0.60000000;60.81738674
0.60500000;61.60962119
0.61000000;62.42685795
0.61500000;63.25893338
0.62000000;64.21172362
0.62500000;65.04879383
0.63000000;65.77136047
0.63500000;66.42935648
0.64000000;67.11749949
0.64500000;67.82727191
0.65000000;68.52771038
0.65500000;69.18088418
0.66000000;69.79362019
0.66500000;70.36633136
0.67000000;70.91002932
0.67500000;71.42889460
0.68000000;71.93099613
0.68500000;72.41693497
0.69000000;72.88888353
0.69500000;73.35453436
0.70000000;73.81104382
0.70500000;74.26087032
0.71000000;74.70237780
0.71500000;75.13398209
0.72000000;75.55970532
0.72500000;75.97619333
0.73000000;76.38624745
0.73500000;76.78892490
0.74000000;77.18554754
0.74500000;77.57669594
0.75000000;77.96502988
0.75500000;78.34883746
0.76000000;78.72950896
0.76500000;79.10476679
0.77000000;79.49010894
0.77500000;79.90934020
0.78000000;80.37102234
0.78500000;80.85139473
0.79000000;81.36008585
0.79500000;81.90706770
0.80000000;82.48440572
0.80500000;83.06251965
0.81000000;83.61878807
0.81500000;84.16120539
0.82000000;84.68592023
0.82500000;85.19189689
0.83000000;85.68004209
0.83500000;86.15639799
0.84000000;86.61817216
0.84500000;87.06888087
0.85000000;87.50798135
0.85500000;87.93712945
0.86000000;88.35858362
0.86500000;88.77332383
0.87000000;89.18033240
0.87500000;89.58433302
0.88000000;89.97893703
0.88500000;90.36867461
0.89000000;90.75362324
0.89500000;91.14012987
0.90000000;91.55452647
0.90500000;92.01343279
0.91000000;92.53882029
0.91500000;93.15328281
0.92000000;93.88902667
0.92500000;94.71080218
0.93000000;95.52962367
0.93500000;96.30007320
0.94000000;96.98349046
0.94500000;97.61607072
0.95000000;98.19636035
0.95500000;98.75106164
0.96000000;99.28538219
0.96500000;99.79650392
0.97000000;100.29156123
0.97500000;100.77390781
0.98000000;101.24157752
0.98500000;101.69293345
0.99000000;102.13700069
0.99500000;102.56996446
1.00000000;102.96500000
