0.00000000;0.04500000
0.00500000;0.39203132
0.01000000;0.76132858
0.01500000;1.12420708
0.02000000;1.47948178
0.02500000;1.82997661
0.03000000;2.17734733
0.03500000;2.51813150
0.04000000;2.88431369
0.04500000;3.29166207
0.05000000;3.75398283
0.05500000;4.26534279
0.06000000;4.81180470
0.06500000;5.37213515
0.07000000;5.93350146
0.07500000;6.47117016
0.08000000;7.00247175
0.08500000;7.51935073
0.09000000;8.01199736
0.09500000;8.48121842
0.10000000;8.93066470
0.10500000;9.36006279
0.11000000;9.77642447
0.11500000;10.18118335
0.12000000;10.57587150
0.12500000;10.96341036
0.13000000;11.34387118
0.13500000;11.71676635
0.14000000;12.08358707
0.14500000;12.44692926
0.15000000;12.80526184
0.15500000;13.16066194
0.16000000;13.54635800
0.16500000;13.98354279
0.17000000;14.48093422
0.17500000;15.04375846
0.18000000;15.62990257
0.18500000;16.19927829
0.19000000;16.75036703
0.19500000;17.26951842
0.20000000;17.77691680
0.20500000;18.28249442
0.21000000;18.79616416
0.21500000;19.29374849
0.22000000;19.77007380
0.22500000;20.22410343
0.23000000;20.65896530
0.23500000;21.08043046
0.24000000;21.48977749
0.24500000;21.88839418
0.25000000;22.28050659
0.25500000;22.66284919
0.26000000;23.03936237
0.26500000;23.40885229
0.27000000;23.77244238
0.27500000;24.13225027
0.28000000;24.48512253
0.28500000;24.83286890
0.29000000;25.17589759
0.29500000;25.51389175
0.30000000;25.85099822
0.30500000;26.20416284
0.31000000;26.58083559
0.31500000;26.96013298
0.32000000;27.34454145
0.32500000;27.73272726
0.33000000;28.12225963
0.33500000;28.52109752
0.34000000;28.91056537
0.34500000;29.29444846
0.35000000;29.67447109
0.35500000;30.05405420
0.36000000;30.46395030
0.36500000;30.92586810
0.37000000;31.46718634
0.37500000;32.12750681
0.38000000;32.89979673
0.38500000;33.76979666
0.39000000;34.62296419
0.39500000;35.45207238
0.40000000;36.27868430
0.40500000;36.97304721
0.41000000;37.58261548
0.41500000;38.13662551
0.42000000;38.64612165
0.42500000;39.12832270
0.43000000;39.60015124
0.43500000;40.03040710
0.44000000;40.45580209
0.44500000;40.86798932
0.45000000;41.27491271
0.45500000;41.68625066
0.46000000;42.09409609
0.46500000;42.50634338
0.47000000;42.96925351
0.47500000;43.50043848
0.48000000;44.11849922
0.48500000;44.90381672
0.49000000;45.79284600
0.49500000;46.58731043
0.50000000;47.26773142
0.50500000;47.89638830
0.51000000;48.46905592
0.51500000;49.00044621
0.52000000;49.50043170
0.52500000;49.97539510
0.53000000;50.43357980
0.53500000;50.87301563
0.54000000;51.29620929
0.54500000;51.70650593
0.55000000;52.10584241
0.55500000;52.49703919
0.56000000;52.87764016
0.56500000;53.25332120
0.57000000;53.61991530
0.57500000;53.98041698
0.58000000;54.34072858
0.58500000;54.73994407
0.59000000;55.18283687
0.59500000;55.70059475
0.60000000;56.32653232
0.60500000;57.09410807
0.61000000;57.88306244
0.61500000;58.67702550
0.62000000;59.60532346
0.62500000;60.40991663
0.63000000;61.08675829
0.63500000;61.67908378
0.64000000;62.33333881
0.64500000;63.01404522
0.65000000;63.68493578
0.65500000;64.30442745
0.66000000;64.87552865
0.66500000;65.40560659
0.67000000;65.90146531
0.67500000;66.37575024
0.68000000;66.82960157
0.68500000;67.26733647
0.69000000;67.69357477
0.69500000;68.10570706
0.70000000;68.51430968
0.70500000;68.91465519
0.71000000;69.30942485
0.71500000;69.69638992
0.72000000;70.07733267
0.72500000;70.45210226
0.73000000;70.82019881
0.73500000;71.18038027
0.74000000;71.53821515
0.74500000;71.88826784
0.75000000;72.23594510
0.75500000;72.58143589
0.76000000;72.92200828
0.76500000;73.25930825
0.77000000;73.61212808
0.77500000;74.00236855
0.78000000;74.43390472
0.78500000;74.88310659
0.79000000;75.36320858
0.79500000;75.88631569
0.80000000;76.42533810
0.80500000;76.96780025
0.81000000;77.48204266
0.81500000;77.98045999
0.82000000;78.45739627
0.82500000;78.91791851
0.83000000;79.36070772
0.83500000;79.78895165
0.84000000;80.20216953
0.84500000;80.60552494
0.85000000;81.00238508
0.85500000;81.38841790
0.86000000;81.76958627
0.86500000;82.14456964
0.87000000;82.51075342
0.87500000;82.87328808
0.88000000;83.22868131
0.88500000;83.58213831
0.89000000;83.92707347
0.89500000;84.28428778
0.90000000;84.67464481
0.90500000;85.11752848
0.91000000;85.63402011
0.91500000;86.25770948
0.92000000;87.01902667
0.92500000;87.80344595
0.93000000;88.59684902
0.93500000;89.35207320
0.94000000;90.00061307
0.94500000;90.58650806
0.95000000;91.12003388
0.95500000;91.61946367
0.96000000;92.10178723
0.96500000;92.56520484
0.97000000;93.01055927
0.97500000;93.43991076
0.98000000;93.85728518
0.98500000;94.26095132
0.99000000;94.65816626
0.99500000;95.04600377
1.00000000;95.41200000
