0.00000000;0.06700000
0.00500000;0.58526058
0.01000000;1.12965616
0.01500000;1.66308522
0.02000000;2.18689504
0.02500000;2.70281883
0.03000000;3.20984229
0.03500000;3.70713310
0.04000000;4.19894527
0.04500000;4.68282965
0.05000000;5.15983934
0.05500000;5.63211308
0.06000000;6.09751905
0.06500000;6.55697250
0.07000000;7.01172328
0.07500000;7.46194363
0.08000000;7.90910816
0.08500000;8.35764025
0.09000000;8.84112946
0.09500000;9.38428223
0.10000000;10.01616933
0.10500000;10.76659353
0.11000000;11.65119137
0.11500000;12.60403923
0.12000000;13.48653526
0.12500000;14.28575420
0.13000000;15.06262514
0.13500000;15.85906726
0.14000000;16.60910665
0.14500000;17.31498364
0.15000000;17.99246886
0.15500000;18.63690751
0.16000000;19.25972721
0.16500000;19.85739083
0.17000000;20.43799436
0.17500000;21.00275836
0.18000000;21.55436109
0.18500000;22.09005415
0.19000000;22.61721194
0.19500000;23.13846374
0.20000000;23.64938372
0.20500000;24.15182903
0.21000000;24.66477584
0.21500000;25.24441261
0.22000000;25.92321692
0.22500000;26.73256829
0.23000000;27.62707516
0.23500000;28.48781658
0.24000000;29.45469475
0.24500000;30.57745812
0.25000000;31.62960813
0.25500000;32.59626985
0.26000000;33.81961705
0.26500000;35.10819410
0.27000000;36.30990022
0.27500000;37.29439967
0.28000000;38.19669603
0.28500000;39.15518259
0.29000000;40.09300860
0.29500000;40.96165774
0.30000000;41.75524623
0.30500000;42.49778030
0.31000000;43.19615705
0.31500000;43.86768013
0.32000000;44.51162089
0.32500000;45.14017605
0.33000000;45.75973731
0.33500000;46.36185964
0.34000000;46.94645695
0.34500000;47.51903531
0.35000000;48.07618109
0.35500000;48.62074823
0.36000000;49.15526268
0.36500000;49.68079261
0.37000000;50.19822793
0.37500000;50.70776195
0.38000000;51.21217277
0.38500000;51.70819725
0.39000000;52.19582090
0.39500000;52.68126639
0.40000000;53.15836180
0.40500000;53.63141126
0.41000000;54.09872086
0.41500000;54.56330203
0.42000000;55.02054451
0.42500000;55.47762879
0.43000000;55.92836519
0.43500000;56.37632623
0.44000000;56.81958007
0.44500000;57.26318500
0.45000000;57.70210563
0.45500000;58.13707273
0.46000000;58.57267933
0.46500000;59.00450559
0.47000000;59.43426107
0.47500000;59.86535198
0.48000000;60.29231458
0.48500000;60.71837205
0.49000000;61.14266737
0.49500000;61.56566271
0.50000000;61.98777911
0.50500000;62.40993319
0.51000000;62.82741225
0.51500000;63.24548784
0.52000000;63.66225973
0.52500000;64.07712937
0.53000000;64.49077422
0.53500000;64.90515763
0.54000000;65.31580764
0.54500000;65.72703945
0.55000000;66.13537946
0.55500000;66.54427864
0.56000000;66.95164729
0.56500000;67.35915349
0.57000000;67.76288555
0.57500000;68.16735438
0.58000000;68.57123188
0.58500000;68.97574339
0.59000000;69.37649915
0.59500000;69.77817017
0.60000000;70.17923576
0.60500000;70.58074838
0.61000000;70.98205704
0.61500000;71.38143029
0.62000000;71.78063904
0.62500000;72.18100725
0.63000000;72.57813184
0.63500000;72.97627025
0.64000000;73.37675084
0.64500000;73.77520390
0.65000000;74.18706684
0.65500000;74.63466859
0.66000000;75.11147741
0.66500000;75.60956420
0.67000000;76.11860167
0.67500000;76.62821987
0.68000000;77.14090883
0.68500000;77.66077411
0.69000000;78.17699621
0.69500000;78.68873611
0.70000000;79.19361185
0.70500000;79.69578048
0.71000000;80.18917457
0.71500000;80.67727336
0.72000000;81.16827277
0.72500000;81.71132466
0.73000000;82.31054935
0.73500000;82.95771725
0.74000000;83.62735341
0.74500000;84.32502341
0.75000000;85.06508778
0.75500000;85.85477201
0.76000000;86.68286290
0.76500000;87.57379281
0.77000000;88.47220639
0.77500000;89.32380914
0.78000000;90.12209884
0.78500000;90.87098922
0.79000000;91.58389627
0.79500000;92.27463235
0.80000000;92.93846502
0.80500000;93.57440936
0.81000000;94.19999090
0.81500000;94.89157181
0.82000000;95.69958826
0.82500000;96.68964122
0.83000000;97.80094975
0.83500000;98.89914641
0.84000000;99.87787435
0.84500000;100.73928894
0.85000000;101.51832869
0.85500000;102.23634489
0.86000000;102.91574628
0.86500000;103.56475981
0.87000000;104.19060875
0.87500000;104.79344444
0.88000000;105.37975457
0.88500000;105.95006131
0.89000000;106.50944009
0.89500000;107.05604022
0.90000000;107.62618519
0.90500000;108.29402244
0.91000000;109.09031429
0.91500000;109.98708879
0.92000000;110.94304473
0.92500000;111.89354746
0.93000000;112.82474266
0.93500000;113.70678821
0.94000000;114.79778889
0.94500000;116.18929705
0.95000000;117.51590393
0.95500000;118.58073208
0.96000000;119.48346881
0.96500000;120.29139574
0.97000000;121.02906545
0.97500000;121.72090653
0.98000000;122.38484534
0.98500000;123.02025506
0.99000000;123.63180570
0.99500000;124.22333491
1.00000000;124.77000000
