0.00000000;0.04200000
0.00500000;0.50941857
0.01000000;0.98979679
0.01500000;1.46745149
0.02000000;1.93687519
0.02500000;2.40287535
0.03000000;2.86349269
0.03500000;3.32114593
0.04000000;3.77578910
0.04500000;4.22750744
0.05000000;4.70545788
0.05500000;5.23238181
0.06000000;5.81420649
0.06500000;6.43867555
0.07000000;7.09375347
0.07500000;7.79529486
0.08000000;8.55839234
0.08500000;9.39593691
0.09000000;10.32674850
0.09500000;11.32611649
0.10000000;12.31034781
0.10500000;13.24061902
0.11000000;14.10993288
0.11500000;14.93823479
0.12000000;15.71720757
0.12500000;16.45784774
0.13000000;17.17059797
0.13500000;17.86910588
0.14000000;18.61550852
0.14500000;19.39033865
0.15000000;20.14917986
0.15500000;20.91908921
0.16000000;21.75785192
0.16500000;22.60058818
0.17000000;23.43142887
0.17500000;24.24488023
0.18000000;25.02302503
0.18500000;25.85102168
0.19000000;26.70670013
0.19500000;27.56816795
0.20000000;28.38346154
0.20500000;29.16040384
0.21000000;29.97993998
0.21500000;30.81530500
0.22000000;31.68189699
0.22500000;32.58541731
0.23000000;33.46797572
0.23500000;34.30512919
0.24000000;35.08473304
0.24500000;35.86633881
0.25000000;36.65971893
0.25500000;37.46749663
0.26000000;38.26741917
0.26500000;39.04538150
0.27000000;39.78924430
0.27500000;40.51249531
0.28000000;41.21323065
0.28500000;41.88542886
0.29000000;42.54208215
0.29500000;43.17754974
0.30000000;43.79805334
0.30500000;44.40224075
0.31000000;44.99225368
0.31500000;45.57147557
0.32000000;46.14212572
0.32500000;46.69995874
0.33000000;47.25370526
0.33500000;47.86048092
0.34000000;48.55176395
0.34500000;49.30611160
0.35000000;50.06218787
0.35500000;50.79122795
0.36000000;51.50171514
0.36500000;52.31182937
0.37000000;53.30732533
0.37500000;54.37699854
0.38000000;55.38313601
0.38500000;56.29444300
0.39000000;57.12951304
0.39500000;57.90809600
0.40000000;58.64554355
0.40500000;59.35064878
0.41000000;60.02968751
0.41500000;60.68713021
0.42000000;61.32657687
0.42500000;61.95799941
0.43000000;62.58862227
0.43500000;63.23724231
0.44000000;64.00022768
0.44500000;65.02633748
0.45000000;66.47978595
0.45500000;68.11341597
0.46000000;69.52727504
0.46500000;70.63763368
0.47000000;71.60240116
0.47500000;72.47069062
0.48000000;73.26893597
0.48500000;74.02347721
0.49000000;74.74262580
0.49500000;75.43565852
0.50000000;76.10857864
0.50500000;76.76185548
0.51000000;77.39535992
0.51500000;78.00973649
0.52000000;78.61003783
0.52500000;79.19279357
0.53000000;79.76432748
0.53500000;80.32349077
0.54000000;80.87517418
0.54500000;81.41729482
0.55000000;81.95560524
0.55500000;82.48989924
0.56000000;83.02136510
0.56500000;83.54696506
0.57000000;84.07272083
0.57500000;84.59467901
0.58000000;85.11134057
0.58500000;85.62986565
0.59000000;86.19975619
0.59500000;86.85763188
0.60000000;87.59510036
0.60500000;88.39281349
0.61000000;89.22528086
0.61500000;90.05787118
0.62000000;90.89046201
0.62500000;91.74142758
0.63000000;92.71291716
0.63500000;93.73986566
0.64000000;94.73404046
0.64500000;95.63589698
0.65000000;96.45837122
0.65500000;97.22202189
0.66000000;97.94463699
0.66500000;98.63211642
0.67000000;99.28658115
0.67500000;99.91747696
0.68000000;100.52857689
0.68500000;101.12202005
0.69000000;101.70270591
0.69500000;102.27119728
0.70000000;102.83317106
0.70500000;103.38589988
0.71000000;103.92808799
0.71500000;104.46958248
0.72000000;105.00165394
0.72500000;105.52843438
0.73000000;106.04904439
0.73500000;106.56155960
0.74000000;107.06956544
0.74500000;107.57143538
0.75000000;108.06802008
0.75500000;108.55864104
0.76000000;109.04387673
0.76500000;109.52392890
0.77000000;110.00193656
0.77500000;110.47523271
0.78000000;110.94312558
0.78500000;111.40852008
0.79000000;111.87688244
0.79500000;112.38118788
0.80000000;112.92993928
0.80500000;113.51212757
0.81000000;114.10771905
0.81500000;114.69827304
0.82000000;115.28499033
0.82500000;115.86101339
0.83000000;116.42654285
0.83500000;116.98696944
0.84000000;117.53973470
0.84500000;118.08488602
0.85000000;118.62355106
0.85500000;119.15615735
0.86000000;119.71749120
0.86500000;120.36159115
0.87000000;121.13723716
0.87500000;122.16056579
0.88000000;123.54555421
0.88500000;124.89419936
0.89000000;126.11763372
0.89500000;127.29949093
0.90000000;128.32806201
0.90500000;129.24319766
0.91000000;130.07442070
0.91500000;130.84621191
0.92000000;131.57393568
0.92500000;132.26975224
0.93000000;132.93711902
0.93500000;133.57707607
0.94000000;134.19702616
0.94500000;134.79838170
0.95000000;135.38282489
0.95500000;135.95346608
0.96000000;136.51194299
0.96500000;137.05835526
0.97000000;137.59689368
0.97500000;138.12629086
0.98000000;138.64892799
0.98500000;139.16219488
0.99000000;139.66737860
0.99500000;140.16684125
1.00000000;140.63500000
