0.00000000;0.04200000
0.00500000;0.36645479
0.01000000;0.69376429
0.01500000;1.01395496
0.02000000;1.33069794
0.02500000;1.64482782
0.03000000;1.95168809
0.03500000;2.25801897
0.04000000;2.57919953
0.04500000;2.92503225
0.05000000;3.30295457
0.05500000;3.72426348
0.06000000;4.19559672
0.06500000;4.71028907
0.07000000;5.25851374
0.07500000;5.82954504
0.08000000;6.41271808
0.08500000;6.97489810
0.09000000;7.51973722
0.09500000;8.01918764
0.10000000;8.49173272
0.10500000;8.93941268
0.11000000;9.36337904
0.11500000;9.77204705
0.12000000;10.16436618
0.12500000;10.54644235
0.13000000;10.94252520
0.13500000;11.38090952
0.14000000;11.86142079
0.14500000;12.39064699
0.15000000;12.97819962
0.15500000;13.60564490
0.16000000;14.23185363
0.16500000;14.82362766
0.17000000;15.37423211
0.17500000;15.92236425
0.18000000;16.43279676
0.18500000;16.90577015
0.19000000;17.35524087
0.19500000;17.78588146
0.20000000;18.20148306
0.20500000;18.60209439
0.21000000;19.00841835
0.21500000;19.41377728
0.22000000;19.81192533
0.22500000;20.20484625
0.23000000;20.58507764
0.23500000;20.95314678
0.24000000;21.31572519
0.24500000;21.67008345
0.25000000;22.01597970
0.25500000;22.35696069
0.26000000;22.71844294
0.26500000;23.11429469
0.27000000;23.54497729
0.27500000;24.00892247
0.28000000;24.50861471
0.28500000;25.04660347
0.29000000;25.59179575
0.29500000;26.12081803
0.30000000;26.61701387
0.30500000;27.08677455
0.31000000;27.53410623
0.31500000;27.95968913
0.32000000;28.36786301
0.32500000;28.76298879
0.33000000;29.14574491
0.33500000;29.51607076
0.34000000;29.88025969
0.34500000;30.23458808
0.35000000;30.58356973
0.35500000;30.92548533
0.36000000;31.26164513
0.36500000;31.59265700
0.37000000;31.91612356
0.37500000;32.23833298
0.38000000;32.55497389
0.38500000;32.86577394
0.39000000;33.17433424
0.39500000;33.47893555
0.40000000;33.78026006
0.40500000;34.08383011
0.41000000;34.40803840
0.41500000;34.75903767
0.42000000;35.14155487
0.42500000;35.57001119
0.43000000;36.05841463
0.43500000;36.63538396
0.44000000;37.34817389
0.44500000;38.13386606
0.45000000;38.85645489
0.45500000;39.48723388
0.46000000;40.05015037
0.46500000;40.56097188
0.47000000;41.03303811
0.47500000;41.48380960
0.48000000;41.91229079
0.48500000;42.32549133
0.49000000;42.72687065
0.49500000;43.11404170
0.50000000;43.49026886
0.50500000;43.85714101
0.51000000;44.21554073
0.51500000;44.56321521
0.52000000;44.90537422
0.52500000;45.23870550
0.53000000;45.56755612
0.53500000;45.89715924
0.54000000;46.23505140
0.54500000;46.58312662
0.55000000;46.93119835
0.55500000;47.30044792
0.56000000;47.70390820
0.56500000;48.15631078
0.57000000;48.67792128
0.57500000;49.31589855
0.58000000;50.11469106
0.58500000;50.98152080
0.59000000;51.87995920
0.59500000;52.86465209
0.60000000;53.66862304
0.60500000;54.38971882
0.61000000;55.09387194
0.61500000;55.70776247
0.62000000;56.27413530
0.62500000;56.79034380
0.63000000;57.26693259
0.63500000;57.73196420
0.64000000;58.21193340
0.64500000;58.68850688
0.65000000;59.15772437
0.65500000;59.62824316
0.66000000;60.08686796
0.66500000;60.52493542
0.67000000;60.94374904
0.67500000;61.34756128
0.68000000;61.73731414
0.68500000;62.11603602
0.69000000;62.48706050
0.69500000;62.85110795
0.70000000;63.21087543
0.70500000;63.56508156
0.71000000;63.90812391
0.71500000;64.24726401
0.72000000;64.57839941
0.72500000;64.90993791
0.73000000;65.26123939
0.73500000;65.64478979
0.74000000;66.07535438
0.74500000;66.56472579
0.75000000;67.14692312
0.75500000;67.89029636
0.76000000;68.84414402
0.76500000;69.81644242
0.77000000;70.70386345
0.77500000;71.45928209
0.78000000;72.08818933
0.78500000;72.64979127
0.79000000;73.16283886
0.79500000;73.63884568
0.80000000;74.08824981
0.80500000;74.51884229
0.81000000;74.93177922
0.81500000;75.32854062
0.82000000;75.71535362
0.82500000;76.08745402
0.83000000;76.45008456
0.83500000;76.80698024
0.84000000;77.15537565
0.84500000;77.49957883
0.85000000;77.83539578
0.85500000;78.16485823
0.86000000;78.48895559
0.86500000;78.81006447
0.87000000;79.12661435
0.87500000;79.46378690
0.88000000;79.82965335
0.88500000;80.23333625
0.89000000;80.69055637
0.89500000;81.21935062
0.90000000;81.86290397
0.90500000;82.68353376
0.91000000;83.62610136
0.91500000;84.47772612
0.92000000;85.20824533
0.92500000;85.94499596
0.93000000;86.61720513
0.93500000;87.24628366
0.94000000;87.80808523
0.94500000;88.31912265
0.95000000;88.79206581
0.95500000;89.24211697
0.96000000;89.67031385
0.96500000;90.08000591
0.97000000;90.47535107
0.97500000;90.85734276
0.98000000;91.23002268
0.98500000;91.59095235
0.99000000;91.94501478
0.99500000;92.29101696
1.00000000;92.62500000
