0.00000000;0.03200000
0.00500000;0.33418889
0.01000000;0.63524982
0.01500000;0.93493453
0.02000000;1.23537049
0.02500000;1.53296339
0.03000000;1.83111026
0.03500000;2.14647591
0.04000000;2.48666472
0.04500000;2.85980990
0.05000000;3.27285844
0.05500000;3.71170981
0.06000000;4.17854962
0.06500000;4.65466142
0.07000000;5.13276061
0.07500000;5.60298816
0.08000000;6.08646627
0.08500000;6.55406390
0.09000000;6.99411487
0.09500000;7.41449826
0.10000000;7.82400705
0.10500000;8.21954508
0.11000000;8.61004001
0.11500000;8.98852096
0.12000000;9.36498355
0.12500000;9.72846920
0.13000000;10.11347893
0.13500000;10.55123430
0.14000000;11.06183959
0.14500000;11.68561457
0.15000000;12.45536528
0.15500000;13.32300570
0.16000000;14.21422546
0.16500000;15.04078038
0.17000000;15.78173328
0.17500000;16.40843257
0.18000000;16.95630000
0.18500000;17.45249339
0.19000000;17.91168431
0.19500000;18.35028654
0.20000000;18.78087614
0.20500000;19.25272916
0.21000000;19.77608630
0.21500000;20.35683018
0.22000000;20.97267216
0.22500000;21.61848163
0.23000000;22.24428722
0.23500000;22.81207498
0.24000000;23.33870938
0.24500000;23.82726874
0.25000000;24.28496022
0.25500000;24.72447639
0.26000000;25.14646216
0.26500000;25.55590827
0.27000000;25.94940373
0.27500000;26.33432588
0.28000000;26.70637202
0.28500000;27.07183836
0.29000000;27.44228312
0.29500000;27.85507677
0.30000000;28.32548375
0.30500000;28.85327594
0.31000000;29.43780905
0.31500000;30.06782731
0.32000000;30.72411472
0.32500000;31.37141879
0.33000000;32.01225184
0.33500000;32.62472153
0.34000000;33.18748218
0.34500000;33.71148300
0.35000000;34.20253662
0.35500000;34.66453114
0.36000000;35.10588522
0.36500000;35.52874861
0.37000000;35.93630189
0.37500000;36.33150555
0.38000000;36.71368977
0.38500000;37.08433607
0.39000000;37.45047125
0.39500000;37.88748878
0.40000000;38.24590804
0.40500000;38.59156070
0.41000000;38.92401213
0.41500000;39.27150950
0.42000000;39.59431201
0.42500000;39.91989272
0.43000000;40.23759074
0.43500000;40.56496577
0.44000000;40.86366612
0.44500000;41.17344822
0.45000000;41.48053151
0.45500000;41.77754295
0.46000000;42.07643672
0.46500000;42.37286340
0.47000000;42.66897029
0.47500000;42.94875244
0.48000000;43.25007781
0.48500000;43.53204451
0.49000000;43.82306775
0.49500000;44.14742957
0.50000000;44.49900349
0.50500000;44.85405476
0.51000000;45.26654992
0.51500000;45.67359288
0.52000000;46.08668373
0.52500000;46.49062932
0.53000000;46.91493528
0.53500000;47.33220293
0.54000000;47.73355230
0.54500000;48.12804299
0.55000000;48.51197904
0.55500000;48.88650747
0.56000000;49.26176356
0.56500000;49.61731873
0.57000000;49.96428681
0.57500000;50.30990178
0.58000000;50.65436525
0.58500000;51.02307460
0.59000000;51.43684790
0.59500000;51.89405780
0.60000000;52.38012993
0.60500000;52.87672453
0.61000000;53.37708647
0.61500000;53.84387684
0.62000000;54.31685231
0.62500000;54.76269210
0.63000000;55.19613473
0.63500000;55.60386307
0.64000000;55.99172021
0.64500000;56.36854635
0.65000000;56.74719782
0.65500000;57.10832553
0.66000000;57.44989702
0.66500000;57.80124623
0.67000000;58.13145028
0.67500000;58.47755008
0.68000000;58.72798220
0.68500000;59.06912612
0.69000000;59.45161249
0.69500000;59.87311073
0.70000000;60.32896004
0.70500000;60.80334451
0.71000000;61.27574468
0.71500000;61.73626770
0.72000000;62.17683418
0.72500000;62.60304267
0.73000000;63.01440319
0.73500000;63.40858490
0.74000000;63.79140693
0.74500000;64.16987328
0.75000000;64.58997224
0.75500000;65.07305437
0.76000000;65.62488657
0.76500000;66.23359385
0.77000000;66.86390767
0.77500000;67.48883270
0.78000000;68.04604597
0.78500000;68.55813087
0.79000000;69.03598764
0.79500000;69.48284041
0.80000000;69.91410562
0.80500000;70.32722911
0.81000000;70.72519337
0.81500000;71.11080055
0.82000000;71.48408343
0.82500000;71.84739585
0.83000000;72.20501634
0.83500000;72.55453010
0.84000000;72.89792564
0.84500000;73.23215593
0.85000000;73.56197606
0.85500000;73.88843286
0.86000000;74.23450366
0.86500000;74.61923330
0.87000000;75.04774975
0.87500000;75.50864323
0.88000000;75.98601598
0.88500000;76.46485327
0.89000000;76.95920711
0.89500000;77.45137172
0.90000000;77.91465816
0.90500000;78.36562100
0.91000000;78.80009584
0.91500000;79.21924301
0.92000000;79.62664806
0.92500000;80.02138624
0.93000000;80.40268022
0.93500000;80.77706497
0.94000000;81.14255656
0.94500000;81.50304227
0.95000000;81.85650178
0.95500000;82.20298526
0.96000000;82.54328493
0.96500000;82.87594778
0.97000000;83.20619087
0.97500000;83.52908584
0.98000000;83.84791578
0.98500000;84.16195708
0.99000000;84.47283283
0.99500000;84.78029150
1.00000000;85.05700000
