0.00000000;0.07700000
0.00500000;0.62944961
0.01000000;1.19104153
0.01500000;1.72910311
0.02000000;2.24441792
0.02500000;2.74620400
0.03000000;3.23644654
0.03500000;3.71370661
0.04000000;4.18292309
0.04500000;4.64018599
0.05000000;5.09104573
0.05500000;5.53365919
0.06000000;5.96959259
0.06500000;6.39950690
0.07000000;6.82327880
0.07500000;7.24626532
0.08000000;7.66734925
0.08500000;8.08518924
0.09000000;8.50083894
0.09500000;8.91930515
0.10000000;9.38009126
0.10500000;9.92461677
0.11000000;10.59866466
0.11500000;11.46461509
0.12000000;12.66748291
0.12500000;13.98898450
0.13000000;15.13029160
0.13500000;15.99011937
0.14000000;16.71665140
0.14500000;17.36510195
0.15000000;17.96618871
0.15500000;18.53930561
0.16000000;19.10248654
0.16500000;19.64756030
0.17000000;20.18743775
0.17500000;20.71589761
0.18000000;21.23380897
0.18500000;21.74130535
0.19000000;22.24073829
0.19500000;22.72855932
0.20000000;23.20579220
0.20500000;23.67696443
0.21000000;24.14316236
0.21500000;24.60762605
0.22000000;25.07846974
0.22500000;25.57530056
0.23000000;26.15517628
0.23500000;26.79986237
0.24000000;27.47006140
0.24500000;28.13608849
0.25000000;28.88282923
0.25500000;29.66243439
0.26000000;30.38225660
0.26500000;31.06376251
0.27000000;31.79831170
0.27500000;32.55037258
0.28000000;33.24920048
0.28500000;33.96634520
0.29000000;34.69818566
0.29500000;35.40480292
0.30000000;36.06698393
0.30500000;36.70052325
0.31000000;37.41284292
0.31500000;38.14332917
0.32000000;38.87498840
0.32500000;39.56318790
0.33000000;40.19144722
0.33500000;40.93124162
0.34000000;41.81469893
0.34500000;42.82536743
0.35000000;43.87714862
0.35500000;44.77223545
0.36000000;45.64206378
0.36500000;46.61248094
0.37000000;47.56083538
0.37500000;48.32466122
0.38000000;49.02215894
0.38500000;49.65863223
0.39000000;50.25395036
0.39500000;50.80697542
0.40000000;51.35452327
0.40500000;51.89850690
0.41000000;52.41030354
0.41500000;52.90961499
0.42000000;53.39441178
0.42500000;53.86476923
0.43000000;54.32769167
0.43500000;54.77963485
0.44000000;55.23400781
0.44500000;55.68773882
0.45000000;56.19940491
0.45500000;56.77708063
0.46000000;57.52744566
0.46500000;58.56289739
0.47000000;59.91698598
0.47500000;61.19899289
0.48000000;62.29099600
0.48500000;63.14153482
0.49000000;63.85600810
0.49500000;64.50483140
0.50000000;65.12756615
0.50500000;65.68434902
0.51000000;66.22872850
0.51500000;66.75233418
0.52000000;67.27854684
0.52500000;67.75961701
0.53000000;68.23613978
0.53500000;68.72138540
0.54000000;69.17692996
0.54500000;69.63260269
0.55000000;70.08279435
0.55500000;70.52402670
0.56000000;70.95920978
0.56500000;71.38762521
0.57000000;71.81108655
0.57500000;72.22941647
0.58000000;72.64465813
0.58500000;73.05617244
0.59000000;73.46338529
0.59500000;73.86712755
0.60000000;74.26924628
0.60500000;74.66780714
0.61000000;75.06239706
0.61500000;75.45591669
0.62000000;75.84764723
0.62500000;76.23596430
0.63000000;76.62230373
0.63500000;77.00814606
0.64000000;77.39070347
0.64500000;77.77266680
0.65000000;78.15267365
0.65500000;78.53020318
0.66000000;78.91390087
0.66500000;79.33670517
0.67000000;79.81635444
0.67500000;80.37616779
0.68000000;81.06042459
0.68500000;81.97539764
0.69000000;83.26194264
0.69500000;84.59863414
0.70000000;85.67373766
0.70500000;86.50825709
0.71000000;87.23535584
0.71500000;87.89629289
0.72000000;88.59407469
0.72500000;89.48566443
0.73000000;90.59051674
0.73500000;91.78492906
0.74000000;92.92937355
0.74500000;93.92552688
0.75000000;94.78713902
0.75500000;95.53179556
0.76000000;96.19910552
0.76500000;96.85751438
0.77000000;97.63370347
0.77500000;98.61849773
0.78000000;99.96526463
0.78500000;101.41404178
0.79000000;102.55980545
0.79500000;103.44043099
0.80000000;104.18886209
0.80500000;104.86088747
0.81000000;105.48526939
0.81500000;106.07902755
0.82000000;106.66266773
0.82500000;107.25530055
0.83000000;107.86402710
0.83500000;108.51399784
0.84000000;109.18638160
0.84500000;109.86176649
0.85000000;110.50053195
0.85500000;111.10138026
0.86000000;111.68631964
0.86500000;112.26832209
0.87000000;112.83686566
0.87500000;113.38126539
0.88000000;113.92448619
0.88500000;114.44731373
0.89000000;114.95306024
0.89500000;115.44779269
0.90000000;115.93563184
0.90500000;116.47941941
0.91000000;117.12202707
0.91500000;117.86275996
0.92000000;118.64661390
0.92500000;119.44607778
0.93000000;120.16649798
0.93500000;120.81608942
0.94000000;121.42152731
0.94500000;121.99775712
0.95000000;122.54471977
0.95500000;123.08018660
0.96000000;123.70957510
0.96500000;124.50951989
0.97000000;125.57609217
0.97500000;126.79069408
0.98000000;127.98676755
0.98500000;128.90414471
0.99000000;129.67156191
0.99500000;130.35512089
1.00000000;130.87500000
