0.00000000;0.03000000
0.00500000;0.40000826
0.01000000;0.76413979
0.01500000;1.12784854
0.02000000;1.48881148
0.02500000;1.84678485
0.03000000;2.20414929
0.03500000;2.56019835
0.04000000;2.91187387
0.04500000;3.26288627
0.05000000;3.61278191
0.05500000;3.95995678
0.06000000;4.30624540
0.06500000;4.65216685
0.07000000;4.99574324
0.07500000;5.33638464
0.08000000;5.67850657
0.08500000;6.01912099
0.09000000;6.35845924
0.09500000;6.69505692
0.10000000;7.03220469
0.10500000;7.36661827
0.11000000;7.70211685
0.11500000;8.05246647
0.12000000;8.43437700
0.12500000;8.86060986
0.13000000;9.33917021
0.13500000;9.89470223
0.14000000;10.55916752
0.14500000;11.33122404
0.15000000;12.12952807
0.15500000;12.85653648
0.16000000;13.52751046
0.16500000;14.21969950
0.17000000;14.86146374
0.17500000;15.45391487
0.18000000;16.01120796
0.18500000;16.55095468
0.19000000;17.08629260
0.19500000;17.60305683
0.20000000;18.10231708
0.20500000;18.58335938
0.21000000;19.05016207
0.21500000;19.50433166
0.22000000;19.94923591
0.22500000;20.38228731
0.23000000;20.81032518
0.23500000;21.23107901
0.24000000;21.64242428
0.24500000;22.04910920
0.25000000;22.45089994
0.25500000;22.84529271
0.26000000;23.25332754
0.26500000;23.70859068
0.27000000;24.21918797
0.27500000;24.76316798
0.28000000;25.30983492
0.28500000;25.90171530
0.29000000;26.61964405
0.29500000;27.42806790
0.30000000;28.18506554
0.30500000;28.85777297
0.31000000;29.47696267
0.31500000;30.05271781
0.32000000;30.59845413
0.32500000;31.12254302
0.33000000;31.62623164
0.33500000;32.16430046
0.34000000;32.81560402
0.34500000;33.61612315
0.35000000;34.55997449
0.35500000;35.60846921
0.36000000;36.60400519
0.36500000;37.43073599
0.37000000;38.14588192
0.37500000;38.79632298
0.38000000;39.39993423
0.38500000;39.96575582
0.39000000;40.50524305
0.39500000;41.02398604
0.40000000;41.52373444
0.40500000;42.00792703
0.41000000;42.47742343
0.41500000;42.93623710
0.42000000;43.38587960
0.42500000;43.82669492
0.43000000;44.26288063
0.43500000;44.69259342
0.44000000;45.11629268
0.44500000;45.53308619
0.45000000;45.94338066
0.45500000;46.35118412
0.46000000;46.79358561
0.46500000;47.29393096
0.47000000;47.87257648
0.47500000;48.51150559
0.48000000;49.16440849
0.48500000;49.80541735
0.49000000;50.42043331
0.49500000;50.98870885
0.50000000;51.53195262
0.50500000;52.04772948
0.51000000;52.54586709
0.51500000;53.02726367
0.52000000;53.48935672
0.52500000;53.93977832
0.53000000;54.37840270
0.53500000;54.80828999
0.54000000;55.22563042
0.54500000;55.63775538
0.55000000;56.05223989
0.55500000;56.50373712
0.56000000;57.00659579
0.56500000;57.50925735
0.57000000;58.05423534
0.57500000;58.68877110
0.58000000;59.50111542
0.58500000;60.47682728
0.59000000;61.38315755
0.59500000;62.14406619
0.60000000;62.83185448
0.60500000;63.46515973
0.61000000;64.05902761
0.61500000;64.61951531
0.62000000;65.15458892
0.62500000;65.66897014
0.63000000;66.16682761
0.63500000;66.64693429
0.64000000;67.11537645
0.64500000;67.56969337
0.65000000;68.01569052
0.65500000;68.45158543
0.66000000;68.88086517
0.66500000;69.30758917
0.67000000;69.76880750
0.67500000;70.29714137
0.68000000;70.93554883
0.68500000;71.74130522
0.69000000;72.71429633
0.69500000;73.76516865
0.70000000;74.80345492
0.70500000;75.63786081
0.71000000;76.35015148
0.71500000;76.98981513
0.72000000;77.58350272
0.72500000;78.13871183
0.73000000;78.66840134
0.73500000;79.17645301
0.74000000;79.66347906
0.74500000;80.13552646
0.75000000;80.59365392
0.75500000;81.03760178
0.76000000;81.47565002
0.76500000;81.90368174
0.77000000;82.32214172
0.77500000;82.73423748
0.78000000;83.13856097
0.78500000;83.53769833
0.79000000;83.92932919
0.79500000;84.31645802
0.80000000;84.69780043
0.80500000;85.07449944
0.81000000;85.44618608
0.81500000;85.82088945
0.82000000;86.22247682
0.82500000;86.66714477
0.83000000;87.16773281
0.83500000;87.75230408
0.84000000;88.47377884
0.84500000;89.36797382
0.85000000;90.33178106
0.85500000;91.17675095
0.86000000;91.89780389
0.86500000;92.57865706
0.87000000;93.37113238
0.87500000;94.20963451
0.88000000;94.99097477
0.88500000;95.71852623
0.89000000;96.36987870
0.89500000;96.97068734
0.90000000;97.53074306
0.90500000;98.06329085
0.91000000;98.57476895
0.91500000;99.06987661
0.92000000;99.54591158
0.92500000;100.00776677
0.93000000;100.45698820
0.93500000;100.89826526
0.94000000;101.33009528
0.94500000;101.75511900
0.95000000;102.17149549
0.95500000;102.58325079
0.96000000;102.98972415
0.96500000;103.38893788
0.97000000;103.78305993
0.97500000;104.17487795
0.98000000;104.55938570
0.98500000;104.94102890
0.99000000;105.31775207
0.99500000;105.69188885
1.00000000;106.03500000
