0.00000000;0.01200000
0.00500000;0.37243745
0.01000000;0.71613879
0.01500000;1.05722150
0.02000000;1.39593419
0.02500000;1.73265704
0.03000000;2.06381113
0.03500000;2.39493473
0.04000000;2.72414950
0.04500000;3.04786442
0.05000000;3.37173496
0.05500000;3.69330300
0.06000000;4.01377677
0.06500000;4.33010638
0.07000000;4.64684758
0.07500000;4.96070085
0.08000000;5.27232322
0.08500000;5.58433204
0.09000000;5.89375660
0.09500000;6.20073956
0.10000000;6.50777154
0.10500000;6.81301148
0.11000000;7.11701509
0.11500000;7.42017281
0.12000000;7.72436974
0.12500000;8.04556215
0.13000000;8.38997349
0.13500000;8.76350513
0.14000000;9.17104516
0.14500000;9.62844124
0.15000000;10.15104313
0.15500000;10.75910236
0.16000000;11.45852785
0.16500000;12.25615378
0.17000000;13.15778573
0.17500000;14.00523203
0.18000000;14.84854859
0.18500000;15.74854029
0.19000000;16.58742861
0.19500000;17.29381090
0.20000000;17.93350032
0.20500000;18.52370642
0.21000000;19.07858407
0.21500000;19.62503747
0.22000000;20.15751282
0.22500000;20.66839792
0.23000000;21.16006168
0.23500000;21.63801087
0.24000000;22.15048903
0.24500000;22.72980775
0.25000000;23.35410522
0.25500000;24.01999540
0.26000000;24.68708100
0.26500000;25.33557199
0.27000000;25.96778334
0.27500000;26.57735777
0.28000000;27.15638712
0.28500000;27.70742657
0.29000000;28.22907333
0.29500000;28.72459843
0.30000000;29.21357231
0.30500000;29.70072985
0.31000000;30.18592078
0.31500000;30.66669770
0.32000000;31.13782242
0.32500000;31.59605196
0.33000000;32.04607824
0.33500000;32.48490410
0.34000000;32.93444168
0.34500000;33.43845818
0.35000000;34.00507855
0.35500000;34.64395043
0.36000000;35.33648231
0.36500000;36.07715280
0.37000000;36.85971125
0.37500000;37.65598235
0.38000000;38.42488870
0.38500000;39.11500699
0.39000000;39.79507376
0.39500000;40.47271411
0.40000000;41.10928464
0.40500000;41.79189119
0.41000000;42.54065887
0.41500000;43.26510968
0.42000000;43.93071638
0.42500000;44.56556285
0.43000000;45.15594764
0.43500000;45.71172364
0.44000000;46.24113970
0.44500000;46.74504518
0.45000000;47.22945109
0.45500000;47.69911198
0.46000000;48.15188470
0.46500000;48.59419792
0.47000000;49.02200245
0.47500000;49.44126075
0.48000000;49.85211453
0.48500000;50.25471774
0.49000000;50.65157708
0.49500000;51.03826395
0.50000000;51.42199070
0.50500000;51.79840103
0.51000000;52.17005837
0.51500000;52.53812994
0.52000000;52.90051421
0.52500000;53.25952706
0.53000000;53.61373967
0.53500000;53.96984998
0.54000000;54.35334356
0.54500000;54.77088506
0.55000000;55.24002897
0.55500000;55.77867636
0.56000000;56.40543229
0.56500000;57.08717173
0.57000000;57.87002494
0.57500000;58.73374353
0.58000000;59.54194795
0.58500000;60.22825218
0.59000000;60.84896320
0.59500000;61.44490903
0.60000000;62.05579890
0.60500000;62.64244171
0.61000000;63.19941818
0.61500000;63.80402069
0.62000000;64.50963887
0.62500000;65.27867085
0.63000000;66.04984389
0.63500000;66.72595085
0.64000000;67.38504890
0.64500000;68.04262006
0.65000000;68.74724056
0.65500000;69.47511505
0.66000000;70.14180272
0.66500000;70.75968861
0.67000000;71.34551235
0.67500000;71.89256928
0.68000000;72.41165129
0.68500000;72.90874379
0.69000000;73.38860819
0.69500000;73.85268201
0.70000000;74.30334387
0.70500000;74.74421213
0.71000000;75.17615511
0.71500000;75.59608848
0.72000000;76.01454479
0.72500000;76.43278788
0.73000000;76.86105220
0.73500000;77.30124222
0.74000000;77.74519529
0.74500000;78.18217907
0.75000000;78.60624076
0.75500000;79.02008230
0.76000000;79.42801348
0.76500000;79.82797408
0.77000000;80.22206166
0.77500000;80.61000846
0.78000000;81.01350814
0.78500000;81.45882048
0.79000000;81.96388470
0.79500000;82.56051153
0.80000000;83.27050658
0.80500000;84.10775180
0.81000000;84.96205439
0.81500000;85.82175415
0.82000000;86.56354326
0.82500000;87.22313330
0.83000000;87.84572819
0.83500000;88.54630376
0.84000000;89.33073455
0.84500000;90.15984545
0.85000000;90.97615047
0.85500000;91.69215195
0.86000000;92.33633537
0.86500000;92.93053505
0.87000000;93.49452094
0.87500000;94.03169959
0.88000000;94.55482714
0.88500000;95.06321923
0.89000000;95.56868088
0.89500000;96.08813791
0.90000000;96.61575768
0.90500000;97.12014721
0.91000000;97.60718631
0.91500000;98.08212988
0.92000000;98.54529504
0.92500000;98.99601244
0.93000000;99.43952564
0.93500000;99.86900418
0.94000000;100.29014679
0.94500000;100.70074032
0.95000000;101.10478427
0.95500000;101.50015017
0.96000000;101.89026880
0.96500000;102.27367467
0.97000000;102.65044353
0.97500000;103.02288849
0.98000000;103.38989826
0.98500000;103.75199072
0.99000000;104.11295385
0.99500000;104.46672899
1.00000000;104.78200000
