0.00000000;0.05000000
0.00500000;0.47989207
0.01000000;0.91272655
0.01500000;1.33391794
0.02000000;1.74608979
0.02500000;2.15222884
0.03000000;2.55155625
0.03500000;2.94334045
0.04000000;3.33016926
0.04500000;3.71204738
0.05000000;4.08876117
0.05500000;4.46055718
0.06000000;4.82984866
0.06500000;5.19465603
0.07000000;5.55345939
0.07500000;5.91064635
0.08000000;6.26242201
0.08500000;6.61226173
0.09000000;6.96094446
0.09500000;7.30387418
0.10000000;7.64622528
0.10500000;7.98614777
0.11000000;8.32345839
0.11500000;8.66521948
0.12000000;9.03395850
0.12500000;9.44425157
0.13000000;9.90090604
0.13500000;10.42798977
0.14000000;11.05202334
0.14500000;11.80796822
0.15000000;12.64561538
0.15500000;13.50616697
0.16000000;14.36371258
0.16500000;15.18619873
0.17000000;15.90697529
0.17500000;16.55183201
0.18000000;17.14915662
0.18500000;17.73164909
0.19000000;18.30448989
0.19500000;18.85528062
0.20000000;19.37931769
0.20500000;19.88511288
0.21000000;20.38202755
0.21500000;20.92238537
0.22000000;21.52794232
0.22500000;22.19954508
0.23000000;22.91329587
0.23500000;23.63760923
0.24000000;24.33546227
0.24500000;24.97664531
0.25000000;25.57509055
0.25500000;26.13758412
0.26000000;26.67120265
0.26500000;27.18231549
0.27000000;27.67321899
0.27500000;28.14610374
0.28000000;28.60981146
0.28500000;29.05792685
0.29000000;29.49584419
0.29500000;29.92488708
0.30000000;30.34335581
0.30500000;30.75574598
0.31000000;31.15990498
0.31500000;31.55894021
0.32000000;31.95097650
0.32500000;32.33951732
0.33000000;32.72224302
0.33500000;33.12239185
0.34000000;33.54946782
0.34500000;34.00403073
0.35000000;34.48010050
0.35500000;34.96829584
0.36000000;35.46509757
0.36500000;35.96381523
0.37000000;36.45604039
0.37500000;36.93726274
0.38000000;37.40788892
0.38500000;37.86862601
0.39000000;38.32727589
0.39500000;38.78228348
0.40000000;39.22586667
0.40500000;39.65882002
0.41000000;40.08554765
0.41500000;40.54434036
0.42000000;41.06828809
0.42500000;41.68427659
0.43000000;42.40070532
0.43500000;43.17356435
0.44000000;43.94486946
0.44500000;44.65172301
0.45000000;45.29515651
0.45500000;45.89188723
0.46000000;46.45288429
0.46500000;46.98197758
0.47000000;47.48683395
0.47500000;47.97390142
0.48000000;48.44424268
0.48500000;48.90215641
0.49000000;49.36951001
0.49500000;49.89020367
0.50000000;50.45090244
0.50500000;51.03021239
0.51000000;51.60202421
0.51500000;52.14530116
0.52000000;52.67685773
0.52500000;53.23991497
0.53000000;53.79103679
0.53500000;54.32814446
0.54000000;54.85177606
0.54500000;55.36166726
0.55000000;55.85887977
0.55500000;56.34331722
0.56000000;56.81415930
0.56500000;57.28106075
0.57000000;57.73526597
0.57500000;58.18420673
0.58000000;58.62287543
0.58500000;59.05535095
0.59000000;59.48037630
0.59500000;59.90188938
0.60000000;60.31907351
0.60500000;60.72955985
0.61000000;61.14004433
0.61500000;61.58351596
0.62000000;62.07827286
0.62500000;62.65069572
0.63000000;63.31339523
0.63500000;64.08778268
0.64000000;65.03332044
0.64500000;66.02335286
0.65000000;66.83099430
0.65500000;67.51951080
0.66000000;68.13986756
0.66500000;68.71282591
0.67000000;69.25513800
0.67500000;69.76639905
0.68000000;70.25490137
0.68500000;70.72262246
0.69000000;71.17624018
0.69500000;71.61487349
0.70000000;72.04276148
0.70500000;72.45736367
0.71000000;72.86279981
0.71500000;73.26134498
0.72000000;73.65197118
0.72500000;74.03469087
0.73000000;74.41149861
0.73500000;74.78572768
0.74000000;75.15479387
0.74500000;75.51909451
0.75000000;75.89388857
0.75500000;76.27546527
0.76000000;76.65698367
0.76500000;77.03644314
0.77000000;77.41313328
0.77500000;77.78789308
0.78000000;78.15814323
0.78500000;78.52574058
0.79000000;78.90228783
0.79500000;79.31714222
0.80000000;79.78657678
0.80500000;80.32676399
0.81000000;80.96797958
0.81500000;81.73021741
0.82000000;82.59989061
0.82500000;83.51225813
0.83000000;84.35591237
0.83500000;85.08500793
0.84000000;85.73661004
0.84500000;86.33301068
0.85000000;86.89485437
0.85500000;87.42994716
0.86000000;87.94134294
0.86500000;88.43697654
0.87000000;88.91439881
0.87500000;89.40721039
0.88000000;89.95200107
0.88500000;90.53746593
0.89000000;91.11313408
0.89500000;91.66008842
0.90000000;92.17773932
0.90500000;92.67506834
0.91000000;93.15283307
0.91500000;93.61464783
0.92000000;94.07862020
0.92500000;94.60739479
0.93000000;95.23736919
0.93500000;96.01774720
0.94000000;96.93459229
0.94500000;97.88621589
0.95000000;98.77202044
0.95500000;99.56006967
0.96000000;100.26052696
0.96500000;100.89619632
0.97000000;101.48829145
0.97500000;102.04429435
0.98000000;102.57078665
0.98500000;103.07532695
0.99000000;103.56354510
0.99500000;104.03167827
1.00000000;104.47500000
