0.00000000;0.06500000
0.00500000;0.52243971
0.01000000;0.99715812
0.01500000;1.46191794
0.02000000;1.91454418
0.02500000;2.36022884
0.03000000;2.79733032
0.03500000;3.22938904
0.04000000;3.65356534
0.04500000;4.07288209
0.05000000;4.48518728
0.05500000;4.89426874
0.06000000;5.29811289
0.06500000;5.69717364
0.07000000;6.09345941
0.07500000;6.48451896
0.08000000;6.86971346
0.08500000;7.25397227
0.09000000;7.63532050
0.09500000;8.01294005
0.10000000;8.38918075
0.10500000;8.76129048
0.11000000;9.13538144
0.11500000;9.50471930
0.12000000;9.89099870
0.12500000;10.31988274
0.13000000;10.80708705
0.13500000;11.37298989
0.14000000;12.04036469
0.14500000;12.82637438
0.15000000;13.68061538
0.15500000;14.58179300
0.16000000;15.46778443
0.16500000;16.32963478
0.17000000;17.08997529
0.17500000;17.77578305
0.18000000;18.42183199
0.18500000;19.04511406
0.19000000;19.66398909
0.19500000;20.25733475
0.20000000;20.82565004
0.20500000;21.37511288
0.21000000;21.90902755
0.21500000;22.47090806
0.22000000;23.09580097
0.22500000;23.78654508
0.23000000;24.52329587
0.23500000;25.27694309
0.24000000;26.00046227
0.24500000;26.67152711
0.25000000;27.30335685
0.25500000;27.90286705
0.26000000;28.47676630
0.26500000;29.02411607
0.27000000;29.55362477
0.27500000;30.06837111
0.28000000;30.56943632
0.28500000;31.05668637
0.29000000;31.53427132
0.29500000;32.00101133
0.30000000;32.45941452
0.30500000;32.90718674
0.31000000;33.34978404
0.31500000;33.78566284
0.32000000;34.21563524
0.32500000;34.63851725
0.33000000;35.05810952
0.33500000;35.47765588
0.34000000;35.91858665
0.34500000;36.38873160
0.35000000;36.88143288
0.35500000;37.38440970
0.36000000;37.89929127
0.36500000;38.41698574
0.37000000;38.93725022
0.37500000;39.44506688
0.38000000;39.94440744
0.38500000;40.43329362
0.39000000;40.91805966
0.39500000;41.39828492
0.40000000;41.86890196
0.40500000;42.32991365
0.41000000;42.78221526
0.41500000;43.26815808
0.42000000;43.82124713
0.42500000;44.46063879
0.43000000;45.20134010
0.43500000;45.99404640
0.44000000;46.80148163
0.44500000;47.54310379
0.45000000;48.21920704
0.45500000;48.85402541
0.46000000;49.45525856
0.46500000;50.02500057
0.47000000;50.57079058
0.47500000;51.09672366
0.48000000;51.60816274
0.48500000;52.10524193
0.49000000;52.59780967
0.49500000;53.13428587
0.50000000;53.71417437
0.50500000;54.31358252
0.51000000;54.90256180
0.51500000;55.46325814
0.52000000;56.01157271
0.52500000;56.58746283
0.53000000;57.15718395
0.53500000;57.71285433
0.54000000;58.25744832
0.54500000;58.78913221
0.55000000;59.30989885
0.55500000;59.82381075
0.56000000;60.32487715
0.56500000;60.82121037
0.57000000;61.30754438
0.57500000;61.78807068
0.58000000;62.25962824
0.58500000;62.72482943
0.59000000;63.18611439
0.59500000;63.64388167
0.60000000;64.09614596
0.60500000;64.54207199
0.61000000;64.98695168
0.61500000;65.45639543
0.62000000;65.99438366
0.62500000;66.64242196
0.63000000;67.45460978
0.63500000;68.37084567
0.64000000;69.29040045
0.64500000;70.20092285
0.65000000;71.07092477
0.65500000;71.82645312
0.66000000;72.50310934
0.66500000;73.13310263
0.67000000;73.72092112
0.67500000;74.27750258
0.68000000;74.80980415
0.68500000;75.31957783
0.69000000;75.81318407
0.69500000;76.29011128
0.70000000;76.75555577
0.70500000;77.20552708
0.71000000;77.64785052
0.71500000;78.08142426
0.72000000;78.50411553
0.72500000;78.91996899
0.73000000;79.32785133
0.73500000;79.73276215
0.74000000;80.13307326
0.74500000;80.52946248
0.75000000;80.92364376
0.75500000;81.32183020
0.76000000;81.72298041
0.76500000;82.12268417
0.77000000;82.51959107
0.77500000;82.91501062
0.78000000;83.30687372
0.78500000;83.69358640
0.79000000;84.09400803
0.79500000;84.53795811
0.80000000;85.04051409
0.80500000;85.62740544
0.81000000;86.32111753
0.81500000;87.12297890
0.82000000;88.01664980
0.82500000;88.95092011
0.83000000;89.84037717
0.83500000;90.62613659
0.84000000;91.33213723
0.84500000;91.97626293
0.85000000;92.58685442
0.85500000;93.16928295
0.86000000;93.72661035
0.86500000;94.26261264
0.87000000;94.78773120
0.87500000;95.31272198
0.88000000;95.88112763
0.88500000;96.47995315
0.89000000;97.07588046
0.89500000;97.64568106
0.90000000;98.18898576
0.90500000;98.71131864
0.91000000;99.21707980
0.91500000;99.70792774
0.92000000;100.20849354
0.92500000;100.78634636
0.93000000;101.49436844
0.93500000;102.35512456
0.94000000;103.31537558
0.94500000;104.31155043
0.95000000;105.21657351
0.95500000;106.05089023
0.96000000;106.81052897
0.96500000;107.49944894
0.97000000;108.13987520
0.97500000;108.74910211
0.98000000;109.32649023
0.98500000;109.87903513
0.99000000;110.40921778
0.99500000;110.92163538
1.00000000;111.40000000
