0.00000000;0.06200000
0.00500000;0.33799331
0.01000000;0.65033364
0.01500000;0.95994459
0.02000000;1.26528994
0.02500000;1.56767984
0.03000000;1.86746922
0.03500000;2.16280995
0.04000000;2.45679765
0.04500000;2.74853352
0.05000000;3.03659914
0.05500000;3.32097088
0.06000000;3.60067513
0.06500000;3.88090637
0.07000000;4.15823983
0.07500000;4.43530659
0.08000000;4.71013304
0.08500000;4.98207443
0.09000000;5.26287990
0.09500000;5.56691275
0.10000000;5.89391325
0.10500000;6.25477937
0.11000000;6.66034530
0.11500000;7.12194190
0.12000000;7.66488916
0.12500000;8.30955209
0.13000000;9.04648491
0.13500000;9.81965987
0.14000000;10.57640532
0.14500000;11.31348533
0.15000000;12.01528196
0.15500000;12.68137019
0.16000000;13.25961392
0.16500000;13.77553057
0.17000000;14.24881987
0.17500000;14.68962926
0.18000000;15.10814103
0.18500000;15.50946243
0.19000000;15.89642162
0.19500000;16.28605771
0.20000000;16.71232208
0.20500000;17.18954051
0.21000000;17.71265991
0.21500000;18.27726780
0.22000000;18.85136430
0.22500000;19.42396502
0.23000000;19.97918952
0.23500000;20.49789290
0.24000000;20.97165584
0.24500000;21.41420589
0.25000000;21.83138790
0.25500000;22.23479864
0.26000000;22.62227783
0.26500000;22.99562917
0.27000000;23.35796722
0.27500000;23.73365502
0.28000000;24.14307923
0.28500000;24.58491598
0.29000000;25.04141122
0.29500000;25.49900695
0.30000000;25.96076038
0.30500000;26.40036404
0.31000000;26.82019354
0.31500000;27.22110707
0.32000000;27.60973173
0.32500000;27.98428921
0.33000000;28.34595459
0.33500000;28.69878413
0.34000000;29.04214397
0.34500000;29.37690027
0.35000000;29.70778964
0.35500000;30.03341880
0.36000000;30.35345106
0.36500000;30.66910812
0.37000000;30.98072234
0.37500000;31.28625647
0.38000000;31.59098125
0.38500000;31.88843129
0.39000000;32.18551209
0.39500000;32.48372331
0.40000000;32.81213837
0.40500000;33.17532917
0.41000000;33.58268804
0.41500000;34.04409047
0.42000000;34.55276341
0.42500000;35.10306750
0.43000000;35.65635375
0.43500000;36.20690002
0.44000000;36.75473268
0.44500000;37.26311209
0.45000000;37.73286015
0.45500000;38.17913502
0.46000000;38.59760033
0.46500000;39.00458894
0.47000000;39.39518692
0.47500000;39.77349939
0.48000000;40.14304525
0.48500000;40.50225606
0.49000000;40.85249317
0.49500000;41.19567713
0.50000000;41.53074981
0.50500000;41.86237212
0.51000000;42.18745490
0.51500000;42.51002513
0.52000000;42.82615419
0.52500000;43.15929294
0.53000000;43.52055872
0.53500000;43.92363712
0.54000000;44.35783605
0.54500000;44.80818595
0.55000000;45.25358615
0.55500000;45.67854123
0.56000000;46.08615534
0.56500000;46.48329536
0.57000000;46.86592034
0.57500000;47.24088326
0.58000000;47.60534352
0.58500000;47.96221499
0.59000000;48.31326220
0.59500000;48.65799411
0.60000000;48.99655169
0.60500000;49.32998975
0.61000000;49.66273074
0.61500000;49.98841930
0.62000000;50.31314716
0.62500000;50.63139831
0.63000000;50.94587855
0.63500000;51.25765040
0.64000000;51.56577560
0.64500000;51.87052665
0.65000000;52.18121991
0.65500000;52.51806360
0.66000000;52.89272418
0.66500000;53.30582303
0.67000000;53.76212102
0.67500000;54.30129846
0.68000000;54.98082214
0.68500000;55.84612204
0.69000000;56.67249169
0.69500000;57.37905172
0.70000000;57.98976244
0.70500000;58.51748847
0.71000000;59.01556123
0.71500000;59.48625008
0.72000000;59.92420993
0.72500000;60.33664056
0.73000000;60.72939647
0.73500000;61.13412974
0.74000000;61.56704729
0.74500000;62.02290349
0.75000000;62.48712428
0.75500000;62.95481858
0.76000000;63.40931609
0.76500000;63.84504034
0.77000000;64.27079154
0.77500000;64.68455003
0.78000000;65.08261982
0.78500000;65.47312612
0.79000000;65.84785778
0.79500000;66.20970554
0.80000000;66.56211238
0.80500000;66.90109955
0.81000000;67.25835187
0.81500000;67.65168185
0.82000000;68.08548481
0.82500000;68.55068343
0.83000000;69.02246589
0.83500000;69.49088451
0.84000000;69.94683269
0.84500000;70.38645083
0.85000000;70.81962698
0.85500000;71.23393790
0.86000000;71.62969077
0.86500000;72.01443477
0.87000000;72.38288211
0.87500000;72.74017958
0.88000000;73.08918893
0.88500000;73.43643257
0.89000000;73.82496476
0.89500000;74.26868777
0.90000000;74.79875358
0.90500000;75.46328799
0.91000000;76.27893035
0.91500000;77.18032133
0.92000000;78.01315387
0.92500000;78.72437272
0.93000000;79.31951387
0.93500000;79.84645923
0.94000000;80.32941375
0.94500000;80.77955156
0.95000000;81.20112017
0.95500000;81.60440281
0.96000000;81.99250529
0.96500000;82.37016330
0.97000000;82.73192967
0.97500000;83.08370424
0.98000000;83.42652185
0.98500000;83.75990297
0.99000000;84.09023423
0.99500000;84.41464693
1.00000000;84.67500000
