0.00000000;0.05700000
0.00500000;0.35051996
0.01000000;0.70928093
0.01500000;1.06133666
0.02000000;1.41089052
0.02500000;1.75541851
0.03000000;2.10109616
0.03500000;2.43331698
0.04000000;2.76032928
0.04500000;3.10782503
0.05000000;3.51609167
0.05500000;4.00130442
0.06000000;4.55725805
0.06500000;5.15242878
0.07000000;5.75649514
0.07500000;6.33693454
0.08000000;6.96412082
0.08500000;7.65031195
0.09000000;8.34090835
0.09500000;9.01601277
0.10000000;9.69339328
0.10500000;10.31028955
0.11000000;10.87550959
0.11500000;11.40459660
0.12000000;11.89533351
0.12500000;12.37567989
0.13000000;12.85571338
0.13500000;13.31404382
0.14000000;13.75753831
0.14500000;14.18679602
0.15000000;14.60353662
0.15500000;15.00269243
0.16000000;15.40445060
0.16500000;15.80433181
0.17000000;16.19730358
0.17500000;16.59413949
0.18000000;17.05978296
0.18500000;17.63315644
0.19000000;18.41792621
0.19500000;19.32892917
0.20000000;20.29988030
0.20500000;21.15019229
0.21000000;21.88840888
0.21500000;22.56537369
0.22000000;23.21874266
0.22500000;23.86156409
0.23000000;24.45310944
0.23500000;25.02220976
0.24000000;25.56575869
0.24500000;26.08695545
0.25000000;26.58171911
0.25500000;27.05638994
0.26000000;27.51322781
0.26500000;27.95589951
0.27000000;28.38496420
0.27500000;28.79905423
0.28000000;29.21046449
0.28500000;29.60850212
0.29000000;29.99933934
0.29500000;30.38041026
0.30000000;30.75174391
0.30500000;31.11873695
0.31000000;31.48113030
0.31500000;31.83934928
0.32000000;32.19359603
0.32500000;32.53936699
0.33000000;32.88282576
0.33500000;33.22428932
0.34000000;33.56089407
0.34500000;33.89609298
0.35000000;34.22651521
0.35500000;34.55233250
0.36000000;34.86976321
0.36500000;35.18637700
0.37000000;35.51135205
0.37500000;35.87815348
0.38000000;36.30031436
0.38500000;36.79796628
0.39000000;37.42896665
0.39500000;38.17091761
0.40000000;38.97048212
0.40500000;39.80078073
0.41000000;40.51968111
0.41500000;41.14159235
0.42000000;41.72171955
0.42500000;42.26262569
0.43000000;42.77472827
0.43500000;43.26348738
0.44000000;43.73272252
0.44500000;44.18374393
0.45000000;44.61803840
0.45500000;45.03347704
0.46000000;45.44060371
0.46500000;45.84672790
0.47000000;46.24717085
0.47500000;46.63905970
0.48000000;47.02705369
0.48500000;47.40531252
0.49000000;47.78265327
0.49500000;48.20908007
0.50000000;48.70832709
0.50500000;49.34339411
0.51000000;50.13154763
0.51500000;51.01942511
0.52000000;51.92322368
0.52500000;52.68511151
0.53000000;53.38278557
0.53500000;54.00964775
0.54000000;54.58789649
0.54500000;55.12376651
0.55000000;55.62197182
0.55500000;56.08941902
0.56000000;56.54115546
0.56500000;56.98123667
0.57000000;57.40607193
0.57500000;57.82167125
0.58000000;58.23245509
0.58500000;58.62993335
0.59000000;59.02102827
0.59500000;59.40177283
0.60000000;59.77425195
0.60500000;60.13075282
0.61000000;60.48502508
0.61500000;60.84234459
0.62000000;61.19783806
0.62500000;61.54645900
0.63000000;61.89039034
0.63500000;62.22942024
0.64000000;62.56603350
0.64500000;62.89790987
0.65000000;63.22283969
0.65500000;63.54989190
0.66000000;63.87407648
0.66500000;64.19883768
0.67000000;64.52201041
0.67500000;64.84362607
0.68000000;65.16859271
0.68500000;65.48738939
0.69000000;65.80154791
0.69500000;66.11571401
0.70000000;66.42614120
0.70500000;66.73492078
0.71000000;67.04189931
0.71500000;67.34861780
0.72000000;67.65424325
0.72500000;67.95598381
0.73000000;68.25466852
0.73500000;68.55918789
0.74000000;68.86668103
0.74500000;69.17951032
0.75000000;69.48829899
0.75500000;69.82007163
0.76000000;70.18394420
0.76500000;70.59690720
0.77000000;71.04222179
0.77500000;71.50000335
0.78000000;71.97242327
0.78500000;72.43638114
0.79000000;72.88058085
0.79500000;73.31053285
0.80000000;73.77121537
0.80500000;74.33937860
0.81000000;75.06879257
0.81500000;75.95400121
0.82000000;76.95454678
0.82500000;77.86778780
0.83000000;78.63519991
0.83500000;79.28797962
0.84000000;79.87145844
0.84500000;80.42156463
0.85000000;80.93490149
0.85500000;81.42821173
0.86000000;81.90500180
0.86500000;82.37255360
0.87000000;82.83561224
0.87500000;83.28970928
0.88000000;83.73421106
0.88500000;84.16312758
0.89000000;84.57953708
0.89500000;84.98224229
0.90000000;85.37694513
0.90500000;85.76757515
0.91000000;86.19964819
0.91500000;86.70943823
0.92000000;87.26991126
0.92500000;87.83537798
0.93000000;88.38321910
0.93500000;88.93588178
0.94000000;89.46488860
0.94500000;89.96524726
0.95000000;90.45575322
0.95500000;90.92389188
0.96000000;91.36130334
0.96500000;91.78903111
0.97000000;92.20893718
0.97500000;92.62047082
0.98000000;93.02221179
0.98500000;93.40955901
0.99000000;93.79351443
0.99500000;94.17142880
1.00000000;94.46900000
