0.00000000;0.05500000
0.00500000;0.54221715
0.01000000;1.04528898
0.01500000;1.53719345
0.02000000;2.01951605
0.02500000;2.49397495
0.03000000;2.96098172
0.03500000;3.41965274
0.04000000;3.87254678
0.04500000;4.31887224
0.05000000;4.75983938
0.05500000;5.19461031
0.06000000;5.62687345
0.06500000;6.05442000
0.07000000;6.47668619
0.07500000;6.89686280
0.08000000;7.31466057
0.08500000;7.73234581
0.09000000;8.18911342
0.09500000;8.69840630
0.10000000;9.28930829
0.10500000;9.99069552
0.11000000;10.84139398
0.11500000;11.75238756
0.12000000;12.58718910
0.12500000;13.34075378
0.13000000;14.07066688
0.13500000;14.82883535
0.14000000;15.53320902
0.14500000;16.19348635
0.15000000;16.81956084
0.15500000;17.41791213
0.16000000;17.99160649
0.16500000;18.54131328
0.17000000;19.07499436
0.17500000;19.59554601
0.18000000;20.10288691
0.18500000;20.59949644
0.19000000;21.08678939
0.19500000;21.56622040
0.20000000;22.03758559
0.20500000;22.50119476
0.21000000;22.98289710
0.21500000;23.53001051
0.22000000;24.16349466
0.22500000;24.93492740
0.23000000;25.78619646
0.23500000;26.60207900
0.24000000;27.52440577
0.24500000;28.60185254
0.25000000;29.60097415
0.25500000;30.51626534
0.26000000;31.68594871
0.26500000;32.91885871
0.27000000;34.08916518
0.27500000;35.03260796
0.28000000;35.89945494
0.28500000;36.81336066
0.29000000;37.70601132
0.29500000;38.53392837
0.30000000;39.28220555
0.30500000;39.98025575
0.31000000;40.62988130
0.31500000;41.24989946
0.32000000;41.84501682
0.32500000;42.42386345
0.33000000;43.00001488
0.33500000;43.55938304
0.34000000;44.10021313
0.34500000;44.63003052
0.35000000;45.14918109
0.35500000;45.65718918
0.36000000;46.15473143
0.36500000;46.64237840
0.37000000;47.12198056
0.37500000;47.59683052
0.38000000;48.06168347
0.38500000;48.52048637
0.39000000;48.97334953
0.39500000;49.42051298
0.40000000;49.86346121
0.40500000;50.29900368
0.41000000;50.73315921
0.41500000;51.16321458
0.42000000;51.59073039
0.42500000;52.01504644
0.43000000;52.43536617
0.43500000;52.85401230
0.44000000;53.26786766
0.44500000;53.68201598
0.45000000;54.09216806
0.45500000;54.49884763
0.46000000;54.90735639
0.46500000;55.31009629
0.47000000;55.71289487
0.47500000;56.11318753
0.48000000;56.51172682
0.48500000;56.90927766
0.49000000;57.30435552
0.49500000;57.69759368
0.50000000;58.08925584
0.50500000;58.48128657
0.51000000;58.86965559
0.51500000;59.25825992
0.52000000;59.64576810
0.52500000;60.03255312
0.53000000;60.41645365
0.53500000;60.79914112
0.54000000;61.18339629
0.54500000;61.56542123
0.55000000;61.94551599
0.55500000;62.32580199
0.56000000;62.70521746
0.56500000;63.08267033
0.57000000;63.46038610
0.57500000;63.83555376
0.58000000;64.21258144
0.58500000;64.58778371
0.59000000;64.96191968
0.59500000;65.33665426
0.60000000;65.71075433
0.60500000;66.08400683
0.61000000;66.45762447
0.61500000;66.83140312
0.62000000;67.20373231
0.62500000;67.57658402
0.63000000;67.94888720
0.63500000;68.32144719
0.64000000;68.69404010
0.64500000;69.06554373
0.65000000;69.45464321
0.65500000;69.87761363
0.66000000;70.33219416
0.66500000;70.80061830
0.67000000;71.27694212
0.67500000;71.75635593
0.68000000;72.23408390
0.68500000;72.71808079
0.69000000;73.20228502
0.69500000;73.68049868
0.70000000;74.15449898
0.70500000;74.62293110
0.71000000;75.08800025
0.71500000;75.54599669
0.72000000;76.01098762
0.72500000;76.52618889
0.73000000;77.10226995
0.73500000;77.72574328
0.74000000;78.37602574
0.74500000;79.04930515
0.75000000;79.77007182
0.75500000;80.53240939
0.76000000;81.33376426
0.76500000;82.18528767
0.77000000;83.03308689
0.77500000;83.83594107
0.78000000;84.57967907
0.78500000;85.27698827
0.79000000;85.94742282
0.79500000;86.59056470
0.80000000;87.20301785
0.80500000;87.79140115
0.81000000;88.38232843
0.81500000;89.04854755
0.82000000;89.83158826
0.82500000;90.78530392
0.83000000;91.85221962
0.83500000;92.87509898
0.84000000;93.80587498
0.84500000;94.62365685
0.85000000;95.35186072
0.85500000;96.02433275
0.86000000;96.65430981
0.86500000;97.25288320
0.87000000;97.82977263
0.87500000;98.38644164
0.88000000;98.92570024
0.88500000;99.45103049
0.89000000;99.96743682
0.89500000;100.47318344
0.90000000;101.01650309
0.90500000;101.64952971
0.91000000;102.41531429
0.91500000;103.28490347
0.92000000;104.19835110
0.92500000;105.10461523
0.93000000;105.99391543
0.93500000;106.83178844
0.94000000;107.88754026
0.94500000;109.22729705
0.95000000;110.49351354
0.95500000;111.52663849
0.96000000;112.37367321
0.96500000;113.12039513
0.97000000;113.80653987
0.97500000;114.44802016
0.98000000;115.05808009
0.98500000;115.64296926
0.99000000;116.20237565
0.99500000;116.74633288
1.00000000;117.24700000
