0.99635850;0.02700000
0.00135750;0.81393730
0.00635750;1.47886790
0.01135750;2.11484696
0.01635750;2.72964493
0.02135750;3.32556175
0.02635750;3.90614797
0.03135750;4.49214471
0.03635750;5.16745032
0.04135750;5.99398988
0.04635750;7.12781012
0.05135750;8.79923526
0.05635750;10.47897373
0.06135750;11.68707073
0.06635750;12.64631610
0.07135750;13.47730158
0.07635750;14.23024716
0.08135750;14.92757665
0.08635750;15.58497608
0.09135750;16.21029628
0.09635750;16.81277250
0.10135750;17.39502452
0.10635750;17.95938091
0.11135750;18.51138242
0.11635750;19.04783000
0.12135750;19.57366564
0.12635750;20.08900935
0.13135750;20.59608377
0.13635750;21.09547291
0.14135750;21.58977519
0.14635750;22.08416298
0.15135750;22.58973500
0.15635750;23.14765153
0.16135750;23.73989195
0.16635750;24.35192882
0.17135750;24.97654396
0.17635750;25.59041337
0.18135750;26.19018473
0.18635750;26.77929813
0.19135750;27.35456223
0.19635750;27.91674398
0.20135750;28.46988730
0.20635750;29.01195278
0.21135750;29.54781339
0.21635750;30.07485387
0.22135750;30.59324507
0.22635750;31.10836651
0.23135750;31.61761450
0.23635750;32.12552623
0.24135750;32.62772034
0.24635750;33.12606352
0.25135750;33.61915907
0.25635750;34.10745699
0.26135750;34.59373360
0.26635750;35.07729906
0.27135750;35.55573961
0.27635750;36.03110925
0.28135750;36.50584992
0.28635750;36.97695302
0.29135750;37.44511097
0.29635750;37.91349490
0.30135750;38.37806931
0.30635750;38.84029610
0.31135750;39.30061666
0.31635750;39.76397007
0.32135750;40.26879826
0.32635750;40.83669237
0.33135750;41.49358018
0.33635750;42.28751400
0.34135750;43.27746803
0.34635750;44.42290079
0.35135750;45.49641556
0.35635750;46.64381828
0.36135750;47.73248758
0.36635750;48.68761398
0.37135750;49.58251007
0.37635750;50.53281782
0.38135750;51.45553931
0.38635750;52.28786543
0.39135750;53.05026979
0.39635750;53.75577649
0.40135750;54.42246040
0.40635750;55.05690478
0.41135750;55.68142276
0.41635750;56.39508637
0.42135750;57.25592857
0.42635750;58.33670259
0.43135750;59.63145229
0.43635750;61.01723603
0.44135750;62.36472985
0.44635750;63.50112674
0.45135750;64.42069854
0.45635750;65.23318809
0.46135750;66.14039376
0.46635750;67.19173466
0.47135750;68.24731082
0.47635750;69.19674600
0.48135750;70.01790475
0.48635750;70.76480486
0.49135750;71.45890772
0.49635750;72.11192911
0.50135750;72.73401861
0.50635750;73.33750748
0.51135750;73.90894770
0.51635750;74.46888487
0.52135750;75.01100919
0.52635750;75.56176179
0.53135750;76.19457511
0.53635750;76.90215707
0.54135750;77.68883805
0.54635750;78.49383848
0.55135750;79.28953116
0.55635750;80.06955810
0.56135750;80.79333828
0.56635750;81.49002280
0.57135750;82.18291459
0.57635750;82.84833619
0.58135750;83.51468792
0.58635750;84.17251147
0.59135750;84.80141235
0.59635750;85.40914516
0.60135750;85.99730777
0.60635750;86.56684927
0.61135750;87.12405329
0.61635750;87.66715171
0.62135750;88.22562650
0.62635750;88.86785095
0.63135750;89.63037666
0.63635750;90.53079774
0.64135750;91.52183301
0.64635750;92.53098065
0.65135750;93.52961874
0.65635750;94.43375905
0.66135750;95.39497090
0.66635750;96.40009987
0.67135750;97.32771205
0.67635750;98.17700921
0.68135750;98.94895051
0.68635750;99.66720814
0.69135750;100.38277483
0.69635750;101.25469301
0.70135750;102.31149180
0.70635750;103.40872958
0.71135750;104.47344707
0.71635750;105.36779619
0.72135750;106.16611507
0.72635750;106.90216177
0.73135750;107.66889815
0.73635750;108.48454655
0.74135750;109.27040635
0.74635750;110.01875943
0.75135750;110.72568684
0.75635750;111.40027954
0.76135750;112.04922688
0.76635750;112.67586684
0.77135750;113.28320270
0.77635750;113.87339858
0.78135750;114.44811125
0.78635750;115.01198834
0.79135750;115.56498114
0.79635750;116.10646452
0.80135750;116.63946123
0.80635750;117.16586943
0.81135750;117.68447485
0.81635750;118.19503092
0.82135750;118.70140560
0.82635750;119.20260664
0.83135750;119.70093710
0.83635750;120.19438140
0.84135750;120.68468021
0.84635750;121.17547103
0.85135750;121.66514527
0.85635750;122.15204983
0.86135750;122.63583432
0.86635750;123.11384782
0.87135750;123.61082686
0.87635750;124.15489142
0.88135750;124.73353851
0.88635750;125.31994897
0.89135750;125.90748810
0.89635750;126.48226667
0.90135750;127.04326204
0.90635750;127.59452373
0.91135750;128.13325419
0.91635750;128.66447704
0.92135750;129.18669666
0.92635750;129.70260411
0.93135750;130.21343953
0.93635750;130.72747338
0.94135750;131.29037480
0.94635750;131.94050390
0.95135750;132.72473190
0.95635750;133.76702826
0.96135750;135.33015756
0.96635750;137.14418252
0.97135750;139.01541349
0.97635750;140.50649051
0.98135750;141.60609840
0.98635750;142.52497978
0.99135750;143.34118278
0.99635750;144.06200000
