0.00000000;0.04200000
0.00500000;0.43148505
0.01000000;0.83673788
0.01500000;1.23465648
0.02000000;1.62909184
0.02500000;2.01763883
0.03000000;2.40251449
0.03500000;2.80278835
0.04000000;3.24045663
0.04500000;3.72783216
0.05000000;4.28402568
0.05500000;4.93228096
0.06000000;5.69660874
0.06500000;6.51139379
0.07000000;7.30213333
0.07500000;8.02438709
0.08000000;8.69651337
0.08500000;9.31358082
0.09000000;9.88943331
0.09500000;10.43267430
0.10000000;10.94945058
0.10500000;11.44755188
0.11000000;11.92765578
0.11500000;12.39562948
0.12000000;12.86312550
0.12500000;13.34514208
0.13000000;13.82888440
0.13500000;14.31623156
0.14000000;14.79986100
0.14500000;15.27446790
0.15000000;15.73931087
0.15500000;16.19523970
0.16000000;16.64563052
0.16500000;17.09113879
0.17000000;17.52896450
0.17500000;17.96409723
0.18000000;18.40958548
0.18500000;18.86206533
0.19000000;19.31013923
0.19500000;19.75005211
0.20000000;20.18081698
0.20500000;20.60579347
0.21000000;21.02383109
0.21500000;21.43616112
0.22000000;21.84404829
0.22500000;22.24803774
0.23000000;22.64791669
0.23500000;23.04429342
0.24000000;23.43691648
0.24500000;23.82596433
0.25000000;24.21314335
0.25500000;24.59762950
0.26000000;24.97997090
0.26500000;25.35892986
0.27000000;25.73692810
0.27500000;26.11225673
0.28000000;26.48463552
0.28500000;26.85418081
0.29000000;27.22189950
0.29500000;27.58817119
0.30000000;27.95190909
0.30500000;28.31365625
0.31000000;28.67389457
0.31500000;29.03313639
0.32000000;29.38937587
0.32500000;29.74529262
0.33000000;30.12079352
0.33500000;30.53111154
0.34000000;30.98262277
0.34500000;31.48429616
0.35000000;32.03776533
0.35500000;32.62857835
0.36000000;33.20859657
0.36500000;33.83507608
0.37000000;34.50146610
0.37500000;35.15705160
0.38000000;35.78686649
0.38500000;36.37595618
0.39000000;36.94453900
0.39500000;37.50878633
0.40000000;38.06635411
0.40500000;38.62970266
0.41000000;39.20255914
0.41500000;39.77943006
0.42000000;40.35977994
0.42500000;40.94714737
0.43000000;41.54649784
0.43500000;42.12986353
0.44000000;42.69852597
0.44500000;43.26558576
0.45000000;43.82694241
0.45500000;44.37478184
0.46000000;44.91665281
0.46500000;45.43932741
0.47000000;45.94634310
0.47500000;46.43477783
0.48000000;46.90727341
0.48500000;47.36765775
0.49000000;47.85443229
0.49500000;48.40317573
0.50000000;49.03192724
0.50500000;49.74818045
0.51000000;50.52673219
0.51500000;51.30350129
0.52000000;52.05494654
0.52500000;52.77258568
0.53000000;53.43276753
0.53500000;54.05140417
0.54000000;54.66178706
0.54500000;55.24869678
0.55000000;55.80140424
0.55500000;56.32697763
0.56000000;56.82937123
0.56500000;57.31510920
0.57000000;57.78499237
0.57500000;58.24249540
0.58000000;58.72130851
0.58500000;59.26382698
0.59000000;59.88955627
0.59500000;60.61899092
0.60000000;61.46098679
0.60500000;62.33927664
0.61000000;63.22078143
0.61500000;64.07336449
0.62000000;64.91659328
0.62500000;65.73924415
0.63000000;66.45819484
0.63500000;67.11105453
0.64000000;67.72496447
0.64500000;68.30310678
0.65000000;68.85335782
0.65500000;69.38071195
0.66000000;69.88822806
0.66500000;70.38119140
0.67000000;70.86148239
0.67500000;71.32908398
0.68000000;71.78459704
0.68500000;72.23190570
0.69000000;72.66981161
0.69500000;73.10005603
0.70000000;73.52295437
0.70500000;73.94083635
0.71000000;74.39462620
0.71500000;74.90597426
0.72000000;75.49535860
0.72500000;76.20159354
0.73000000;77.05219972
0.73500000;77.97304322
0.74000000;78.84156407
0.74500000;79.65058227
0.75000000;80.37961872
0.75500000;81.03341818
0.76000000;81.63630050
0.76500000;82.20265301
0.77000000;82.74239366
0.77500000;83.26717193
0.78000000;83.85466316
0.78500000;84.54792793
0.79000000;85.36167146
0.79500000;86.24002085
0.80000000;87.12062491
0.80500000;87.99639612
0.81000000;88.79682433
0.81500000;89.52831945
0.82000000;90.19022574
0.82500000;90.80322282
0.83000000;91.37744054
0.83500000;91.92169263
0.84000000;92.44309108
0.84500000;92.94344101
0.85000000;93.42971302
0.85500000;93.93036868
0.86000000;94.48578838
0.86500000;95.08086588
0.87000000;95.68967862
0.87500000;96.29371370
0.88000000;96.87695922
0.88500000;97.43328411
0.89000000;97.98166733
0.89500000;98.51538830
0.90000000;99.02752422
0.90500000;99.52242877
0.91000000;100.04010664
0.91500000;100.62510078
0.92000000;101.28103187
0.92500000;101.96096904
0.93000000;102.63069150
0.93500000;103.28129273
0.94000000;103.90379191
0.94500000;104.48768502
0.95000000;105.04072446
0.95500000;105.56891187
0.96000000;106.07674704
0.96500000;106.56675261
0.97000000;107.04199443
0.97500000;107.50481734
0.98000000;107.95714283
0.98500000;108.39740454
0.99000000;108.83069529
0.99500000;109.25289742
1.00000000;109.65000000
