0.00000000;0.04500000
0.00500000;0.38945479
0.01000000;0.73534805
0.01500000;1.07647675
0.02000000;1.41487248
0.02500000;1.74805264
0.03000000;2.07441830
0.03500000;2.40097829
0.04000000;2.71997293
0.04500000;3.05322582
0.05000000;3.41708038
0.05500000;3.81598841
0.06000000;4.26553705
0.06500000;4.76028907
0.07000000;5.28938531
0.07500000;5.84014122
0.08000000;6.40369880
0.08500000;6.94989810
0.09000000;7.46705319
0.09500000;7.95118764
0.10000000;8.41117146
0.10500000;8.85640553
0.11000000;9.28101181
0.11500000;9.69313426
0.12000000;10.09175644
0.12500000;10.48244228
0.13000000;10.86677215
0.13500000;11.28915952
0.14000000;11.75289305
0.14500000;12.26830874
0.15000000;12.83119861
0.15500000;13.44056518
0.16000000;14.04360682
0.16500000;14.62169056
0.17000000;15.16443176
0.17500000;15.68090235
0.18000000;16.17223741
0.18500000;16.63930812
0.19000000;17.08749251
0.19500000;17.52121437
0.20000000;17.93987302
0.20500000;18.34709439
0.21000000;18.74825002
0.21500000;19.14981889
0.22000000;19.54268175
0.22500000;19.92936163
0.23000000;20.30619653
0.23500000;20.67648932
0.24000000;21.04049686
0.24500000;21.39644723
0.25000000;21.74975591
0.25500000;22.09595171
0.26000000;22.44335292
0.26500000;22.82399392
0.27000000;23.23598296
0.27500000;23.68161569
0.28000000;24.16526229
0.28500000;24.68205416
0.29000000;25.20544324
0.29500000;25.72045528
0.30000000;26.21001300
0.30500000;26.67542157
0.31000000;27.12197763
0.31500000;27.55342119
0.32000000;27.97179662
0.32500000;28.37538715
0.33000000;28.77054530
0.33500000;29.15461878
0.34000000;29.52869477
0.34500000;29.89711532
0.35000000;30.25850943
0.35500000;30.61485666
0.36000000;30.96446670
0.36500000;31.31020653
0.37000000;31.65162356
0.37500000;31.98666654
0.38000000;32.31947577
0.38500000;32.64827402
0.39000000;32.97183515
0.39500000;33.29361779
0.40000000;33.61289872
0.40500000;33.92633020
0.41000000;34.24279890
0.41500000;34.57903767
0.42000000;34.94520371
0.42500000;35.35312252
0.43000000;35.81395995
0.43500000;36.35531997
0.44000000;37.01426083
0.44500000;37.78505425
0.45000000;38.52565707
0.45500000;39.17129074
0.46000000;39.74452614
0.46500000;40.27625449
0.47000000;40.77015333
0.47500000;41.23741919
0.48000000;41.68566863
0.48500000;42.12073989
0.49000000;42.54537263
0.49500000;42.95442005
0.50000000;43.35174603
0.50500000;43.73956029
0.51000000;44.11374084
0.51500000;44.48072278
0.52000000;44.83644005
0.52500000;45.18912896
0.53000000;45.53617417
0.53500000;45.87691899
0.54000000;46.21614024
0.54500000;46.55468897
0.55000000;46.89205055
0.55500000;47.25011046
0.56000000;47.63800358
0.56500000;48.06944719
0.57000000;48.56513214
0.57500000;49.16713998
0.58000000;49.93658111
0.58500000;50.78101507
0.59000000;51.63717244
0.59500000;52.61241453
0.60000000;53.40102488
0.60500000;54.09784105
0.61000000;54.76444584
0.61500000;55.36907934
0.62000000;55.92839623
0.62500000;56.44865022
0.63000000;56.93313840
0.63500000;57.39528731
0.64000000;57.85289876
0.64500000;58.31203723
0.65000000;58.76644763
0.65500000;59.21721002
0.66000000;59.65757330
0.66500000;60.08774278
0.67000000;60.50121491
0.67500000;60.90484400
0.68000000;61.29830461
0.68500000;61.68090486
0.69000000;62.05589808
0.69500000;62.42457304
0.70000000;62.79070844
0.70500000;63.14967803
0.71000000;63.50167311
0.71500000;63.84945033
0.72000000;64.19171952
0.72500000;64.52808506
0.73000000;64.86913760
0.73500000;65.23904950
0.74000000;65.65119677
0.74500000;66.11910745
0.75000000;66.67192312
0.75500000;67.37529636
0.76000000;68.29709419
0.76500000;69.25214611
0.77000000;70.11490687
0.77500000;70.86181675
0.78000000;71.49337184
0.78500000;72.06219055
0.79000000;72.58483886
0.79500000;73.07930915
0.80000000;73.54374981
0.80500000;73.98819791
0.81000000;74.42002606
0.81500000;74.83554109
0.82000000;75.24033680
0.82500000;75.63203319
0.83000000;76.01270284
0.83500000;76.38737591
0.84000000;76.75310945
0.84500000;77.11272354
0.85000000;77.46616269
0.85500000;77.81506291
0.86000000;78.15874514
0.86500000;78.49735240
0.87000000;78.83161435
0.87500000;79.16315644
0.88000000;79.51444906
0.88500000;79.90206834
0.89000000;80.33805637
0.89500000;80.83935062
0.90000000;81.44539254
0.90500000;82.23441719
0.91000000;83.14475676
0.91500000;83.98013022
0.92000000;84.69411836
0.92500000;85.40500101
0.93000000;86.07824444
0.93500000;86.68505381
0.94000000;87.24061713
0.94500000;87.75793387
0.95000000;88.24204159
0.95500000;88.70211697
0.96000000;89.14131385
0.96500000;89.56500576
0.97000000;89.97663038
0.97500000;90.37734430
0.98000000;90.76402911
0.98500000;91.14474318
0.99000000;91.51326847
0.99500000;91.87392644
1.00000000;92.22200000
