0.00116902985610068;0.129;159;-0.93569;0.005186528;4
0.00191920320503414;0.222;160;-0.9356177;0.001908554;4
0.00281346961855888;0.329;161;-0.9355772;0.002699918;4
0.00359244714491069;0.422;163;-0.9347819;0.004435202;4
0.00451558362692595;0.529;164;-0.934325;0.004520433;4
0.00529451528564096;0.622;166;-0.933854;0.002708356;4
0.00621798727661371;0.729;167;-0.9334897;0.005316212;4
0.00702600507065654;0.822;169;-0.9335163;0.002853832;4
0.00797813571989536;0.929;170;-0.9336172;0.003051484;4
0.00878604035824537;1.022;171;-0.9334383;0.003332038;4
0.00973836798220873;1.129;172;-0.9337764;0.005111827;4
0.0105752814561129;1.222;174;-0.9340996;0.003378802;4
0.0115563347935677;1.329;175;-0.9347602;0.003371536;4
0.012393063865602;1.422;177;-0.9350245;0.00408869;4
0.0133741591125727;1.529;178;-0.9350924;0.003480128;4
0.0142398970201612;1.622;179;-0.9352634;0.003598621;4
0.0152209559455514;1.729;180;-0.9347528;0.004287547;4
0.0160864777863026;1.822;181;-0.9344195;0.003401343;4
0.0170963909476995;1.929;182;-0.9340068;0.003982996;4
0.0179621465504169;2.022;184;-0.9333981;0.004243916;4
0.0190010629594326;2.129;185;-0.9328074;0.003252497;4
0.0198956429958344;2.222;185;-0.9324806;0.004775485;4
0.0209345743060112;2.329;187;-0.9330741;0.004709549;4
0.0218292474746704;2.422;188;-0.9324689;0.004546043;4
0.0228678453713655;2.529;188;-0.9324003;0.0005039945;4
0.0237910989671946;2.622;189;-0.9321229;0.004451973;4
0.0248298663645983;2.729;190;-0.9313979;0.003734684;4
0.0257532857358456;2.822;191;-0.9312926;0.001657277;4
0.026820957660675;2.929;192;-0.9306105;0.005891915;4
0.0277154557406902;3.019;193;-0.9303082;0.002443739;4
0.0288118943572044;3.129;194;-0.9292105;0.007169588;4
0.0297352951020002;3.222;195;-0.9286603;0.001576207;4
0.030803058296442;3.329;196;-0.9272642;0.005686416;4
0.0317263714969158;3.422;197;-0.9269104;0.003979821;4
0.0328227579593658;3.529;198;-0.9262791;0.004644443;4
0.0337460823357105;3.622;198;-0.9260167;0.004118778;4
0.0348425470292568;3.729;199;-0.9258016;0.005198753;4
0.0357947312295437;3.822;200;-0.9259586;0.002258116;4
0.0368912294507027;3.929;201;-0.9254569;0.005624868;4
0.0378722921013832;4.022;202;-0.925073;0.00342306;4
0.0389687605202198;4.129;203;-0.925088;0.004434757;4
0.0399498753249645;4.222;204;-0.9250717;0.002591321;4
0.0410752594470978;4.329;205;-0.9261637;0.006397375;4
0.0420563668012619;4.422;205;-0.9272679;0.003955413;4
0.0432106554508209;4.529;206;-0.9276309;0.005138495;4
0.0441917777061462;4.622;207;-0.9282724;0.00329435;4
0.0453459359705448;4.729;208;-0.9290019;0.004726931;4
0.0463269837200642;4.822;209;-0.9295509;0.005237728;4
0.0475100837647915;4.929;209;-0.9300306;0.0003671059;4
0.0484910793602467;5.022;210;-0.9311654;0.004735647;4
0.0496740937232971;5.129;211;-0.9317132;0.00795753;4
0.050683856010437;5.222;212;-0.9319108;0.001669575;4
0.0518667362630367;5.329;213;-0.9331486;0.006230722;4
0.0528766885399818;5.422;214;-0.9337748;0.003924761;4
0.0540599189698696;5.529;215;-0.9348921;0.005264984;4
0.055098719894886;5.622;215;-0.935773;0.003171045;4
0.0562818646430969;5.729;216;-0.9372817;0.004972685;4
0.0573207661509514;5.822;216;-0.9363424;0.01043183;4
0.0585327260196209;5.929;217;-0.9339356;0.01378636;4
0.0595717318356037;6.022;218;-0.9339784;0.01683307;4
0.0607838071882725;6.129;219;-0.9342529;0.01964639;4
0.0618223920464516;6.222;219;-0.9324305;0.02205932;4
0.0630340352654457;6.329;220;-0.9303792;0.02609793;4
0.0640728399157524;6.422;220;-0.9291601;0.02856135;4
0.0652846470475197;6.529;221;-0.9286172;0.03134102;4
0.0663523003458977;6.622;221;-0.9297328;0.03484672;4
0.0675640478730202;6.729;222;-0.9292692;0.03796702;4
0.0686317607760429;6.822;222;-0.927757;0.04123394;4
0.0698437392711639;6.929;223;-0.9264977;0.04482959;4
0.0709114372730255;7.022;223;-0.9255863;0.04604647;4
0.0721521601080894;7.129;223;-0.9239875;0.05038579;4
0.0732197836041451;7.222;223;-0.9211246;0.05398577;4
0.0744605958461761;7.329;224;-0.9175003;0.05667305;4
0.0754993185400963;7.419;224;-0.9130923;0.06081928;4
0.0767976865172386;7.529;225;-0.9068645;0.06280588;4
0.077865406870842;7.622;225;-0.9022897;0.0674684;4
0.0791063085198402;7.729;225;-0.8992125;0.0708555;4
0.0802028924226761;7.822;226;-0.8966002;0.07234836;4
0.0814438760280609;7.929;226;-0.895814;0.0758855;4
0.0825116410851479;8.022;226;-0.8994957;0.08004171;4
0.0837810486555099;8.129;227;-0.9019569;0.08219744;4
0.084848627448082;8.222;227;-0.9027545;0.08579546;4
0.0860894396901131;8.329;227;-0.9033149;0.0893866;4
0.0871569961309433;8.422;227;-0.90369;0.09251361;4
0.0883976668119431;8.529;227;-0.904199;0.09429564;4
0.0894363597035408;8.619;228;-0.9054961;0.0976657;4
0.0907340422272682;8.729;228;-0.9117709;0.1021679;4
0.0918296352028847;8.822;228;-0.9213355;0.1038448;4
0.0930720940232277;8.929;228;-0.9280114;0.105498;4
0.0941696539521217;9.022;228;-0.9323662;0.1123807;4
0.0954127460718155;9.129;228;-0.9271268;0.1126764;4
0.0965098887681961;9.222;228;-0.9265004;0.1185859;4
0.0977811217308044;9.329;227;-0.9315088;0.1164634;4
0.0988184809684753;9.422;220;-0.9389033;0.1138931;4
0.0999991223216057;9.529;213;-0.9530998;0.1161802;4
0.100949957966805;9.622;209;-0.9665066;0.1218717;4
0.102044984698296;9.729;198;-0.9773874;0.120936;4
0.102940633893013;9.822;193;-0.991183;0.1184126;4
0.103979468345642;9.929;186;-1.008145;0.1216176;4
0.10481633245945;10.022;178;-1.021028;0.124956;4
0.105739995837212;10.129;171;-1.035913;0.1252867;4
0.106519132852554;10.222;163;-1.053843;0.1315544;4
0.107384338974953;10.329;156;-1.068123;0.1332666;4
0.108105450868607;10.422;153;-1.080492;0.1342063;4
0.108913064002991;10.529;146;-1.100197;0.1328725;4
0.109576180577278;10.622;141;-1.122271;0.1304974;4
0.110326685011387;10.729;135;-1.141744;0.1208062;4
0.110933251678944;10.822;130;-1.162337;0.1102569;4
0.111626036465168;10.929;125;-1.184497;0.1008156;4
0.112203471362591;11.022;123;-1.198989;0.09282342;4
0.112867549061775;11.129;119;-1.212165;0.08337702;4
0.113416135311127;11.222;113;-1.227239;0.08135231;4
0.114021554589272;11.329;108;-1.246566;0.07442519;4
0.114540293812752;11.422;103;-1.274073;0.07314502;4
0.11508883535862;11.529;98;-1.307764;0.0654646;4
0.115550793707371;11.622;94;-1.334399;0.05700039;4
0.11604169011116;11.729;92;-1.374589;0.0572682;4
0.116474620997906;11.822;87;-1.412724;0.0586741;4
0.116964712738991;11.929;83;-1.470262;0.05672077;4
0.117368325591087;12.022;80;-1.527115;0.05586132;4
0.117829643189907;12.129;77;-1.592388;0.048019;4
0.118204481899738;12.222;74;-1.653679;0.04233074;4
0.118637531995773;12.329;72;-1.73673;0.04436392;4
0.118983961641788;12.422;71;-1.814718;0.04699459;4
0.119388021528721;12.529;69;-1.901573;0.04485532;4
0.119734317064285;12.622;68;-1.981266;0.04617733;4
0.120138227939606;12.729;66;-2.077439;0.05286713;4
0.120484210550785;12.822;65;-2.151826;0.05348651;4
0.120859026908875;12.929;66;-2.229572;0.05017248;4
0.121205620467663;13.022;66;-2.30127;0.05105057;4
0.121610268950462;13.129;67;-2.394925;0.05227668;4
0.121956914663315;13.222;69;-2.444862;0.03155835;4
0.122360467910767;13.329;69;-2.5328;0.01832011;4
0.12267754971981;13.422;69;-2.62786;0.02415155;4
0.123081147670746;13.529;70;-2.720525;0.02477124;4
0.123455941677094;13.622;71;-2.791087;0.02167264;4
0.123859114944935;13.729;72;-2.86588;0.01957084;4
0.124203898012638;13.822;73;-2.924356;0.01727904;4
0.124634876847267;13.929;75;-2.981657;0.01375797;4
0.125009685754776;14.022;77;-3.019844;0.004130567;4
0.12541338801384;14.129;79;-3.072591;-0.008298274;4
0.125818133354187;14.222;81;-3.121757;-0.01426446;4
0.126252502202988;14.329;83;3.103497;-0.02386268;4
0.126657620072365;14.422;84;3.054962;-0.03368802;4
0.127120077610016;14.529;86;3.014263;-0.04232403;4
0.127553761005402;14.622;88;2.943069;-0.05457226;4
0.128045573830605;14.729;89;2.890061;-0.06030156;4
0.128479659557343;14.822;91;2.850179;-0.06778625;4
0.128971979022026;14.929;93;2.809817;-0.07561028;4
0.12943397462368;15.022;94;2.781379;-0.08280454;4
0.129950746893883;15.129;98;2.757467;-0.08619907;4
0.130439877510071;15.222;100;2.755247;-0.09597109;4
0.130987748503685;15.329;101;2.750037;-0.09918602;4
0.131506904959679;15.422;106;2.753333;-0.101649;4
0.132083788514137;15.529;107;2.750947;-0.1101518;4
0.132631689310074;15.622;112;2.743159;-0.1137553;4
0.133266508579254;15.729;113;2.729866;-0.1177768;4
0.133815139532089;15.822;115;2.72089;-0.1238031;4
0.134478732943535;15.929;117;2.69406;-0.1274799;4
0.135026901960373;16.022;120;2.677761;-0.1232479;4
0.13571934401989;16.129;121;2.667645;-0.1252898;4
0.136296331882477;16.222;125;2.648351;-0.121302;4
0.137017667293549;16.329;126;2.634281;-0.1206068;4
0.137623682618141;16.422;129;2.615426;-0.119491;4
0.13834510743618;16.529;131;2.597079;-0.1171213;4
0.138979956507683;16.622;133;2.583473;-0.1139662;4
0.139759078621864;16.729;136;2.572529;-0.1133969;4
0.140422761440277;16.822;137;2.570848;-0.1120232;4
0.141230627894402;16.929;141;2.578974;-0.1083621;4
0.141923159360886;17.022;142;2.590406;-0.1049813;4
0.142731130123138;17.129;144;2.609046;-0.1030282;4
0.143452525138855;17.222;147;2.639244;-0.1001959;4
0.144289344549179;17.329;149;2.665462;-0.09565063;4
0.145010724663734;17.422;151;2.689654;-0.09348467;4
0.145876333117485;17.529;151;2.724397;-0.09023377;4
0.146597653627396;17.622;153;2.75299;-0.08950346;4
0.147492170333862;17.729;154;2.801746;-0.08176842;4
0.148242264986038;17.822;156;2.819123;-0.08508845;4
0.149136781692505;17.929;157;2.855102;-0.08089722;4
0.149887219071388;18.022;159;2.881379;-0.08170892;4
0.150781914591789;18.129;160;2.92059;-0.07886733;4
0.151589959859848;18.222;162;2.952326;-0.07906457;4
0.152513116598129;18.329;164;2.992293;-0.07570193;4
0.153292208909988;18.422;164;3.022077;-0.07682939;4
0.154244318604469;18.529;166;3.064275;-0.0723016;4
0.155052155256271;18.622;167;3.093359;-0.07054735;4
0.155975580215454;18.729;169;3.124918;-0.0701167;4
0.156812340021133;18.822;170;-3.129479;-0.06539325;4
0.157764628529549;18.929;172;-3.100973;-0.06305417;4
0.158601462841034;19.022;173;-3.073098;-0.06119569;4
0.159582421183586;19.129;175;-3.037388;-0.0557883;4
0.16041924059391;19.222;175;-3.008197;-0.05352704;4
0.16140042245388;19.329;177;-2.97559;-0.05107924;4
0.162266105413437;19.422;178;-2.942461;-0.04681326;4
0.163247272372246;19.529;179;-2.904813;-0.04407521;4
0.164112821221352;19.622;180;-2.870724;-0.04055426;4
0.165122702717781;19.729;181;-2.832147;-0.03783046;4
0.165988340973854;19.822;182;-2.796582;-0.03461975;4
0.166998133063316;19.929;183;-2.755257;-0.03128408;4
0.167863860726357;20.022;184;-2.720768;-0.02777852;4
0.168873831629753;20.129;185;-2.683414;-0.02428086;4
0.169768378138542;20.222;185;-2.649864;-0.02199784;4
0.170778200030327;20.329;185;-2.605002;-0.01870082;4
0.171672642230988;20.422;186;-2.563068;-0.01281231;4
0.172711595892906;20.529;186;-2.527494;-0.01309839;4
0.173606261610985;20.622;187;-2.492362;-0.007335711;4
0.174645230174065;20.729;187;-2.458961;-0.004156592;4
0.175568327307701;20.822;188;-2.42463;-0.0004671243;4
0.176607087254524;20.929;188;-2.385567;0.002129806;4
0.177530363202095;21.022;189;-2.347577;0.007967326;4
0.178569093346596;21.129;190;-2.309863;0.01016755;4
0.179492518305779;21.222;190;-2.276645;0.0129147;4
0.180531337857246;21.329;191;-2.240212;0.014772;4
0.181454762816429;21.422;191;-2.207428;0.01651841;4
0.182522311806679;21.529;192;-2.16874;0.01844192;4
0.183445677161217;21.622;192;-2.134988;0.0211662;4
0.184513404965401;21.729;193;-2.098912;0.02313269;4
0.1854367852211;21.822;193;-2.068921;0.02438861;4
0.186533376574516;21.929;194;-2.032531;0.02949642;4
0.187456607818604;22.022;195;-2.009731;0.02825342;4
0.188552960753441;22.129;195;-1.984001;0.03409207;4
0.189476281404495;22.222;196;-1.980981;0.03279031;4
0.190601631999016;22.329;197;-2.006039;0.0301668;4
0.191525086760521;22.422;198;-2.032896;0.03028752;4
0.192621752619743;22.529;198;-2.066276;0.03203003;4
0.193573907017708;22.622;199;-2.082652;0.0288899;4
0.194670364260674;22.729;200;-2.094902;0.03428148;4
0.195622578263283;22.822;201;-2.096234;0.02496491;4
0.196719080209732;22.929;202;-2.117095;0.03014695;4
0.197700187563896;23.022;203;-2.142751;0.02443389;4
0.198652371764183;23.114;203;-2.175888;0.02377015;4
0.199777662754059;23.222;204;-2.201262;0.01545591;4
0.200758710503578;23.317;204;-2.227718;0.01828863;4
0.201855227351189;23.422;205;-2.242965;0.01206512;4
0.20283630490303;23.514;206;-2.256237;0.009420555;4
0.203990548849106;23.624;207;-2.275839;0.007285539;4
0.204971551895142;23.717;207;-2.294615;0.002144608;4
0.206096932291985;23.822;208;-2.328261;0.005279867;4
0.207106858491898;23.914;208;-2.351563;-0.001661435;4
0.2082898914814;24.024;209;-2.38061;-0.003256966;4
0.209270924329758;24.117;210;-2.400906;-0.005091951;4
0.210425227880478;24.222;211;-2.42409;-0.00648006;4
0.211435243487358;24.314;212;-2.438856;-0.007692814;4
0.212618336081505;24.422;212;-2.449897;-0.007096766;4
0.213628172874451;24.514;213;-2.465655;-0.007264567;4
0.214811235666275;24.622;213;-2.488504;-0.01298296;4
0.215821132063866;24.714;214;-2.522274;-0.01010868;4
0.217033043503761;24.822;215;-2.552354;-0.012126;4
0.218071803450584;24.917;215;-2.577105;-0.009699753;4
0.21925488114357;25.022;216;-2.596955;-0.01306517;4
0.220264777541161;25.114;215;-2.617866;-0.006674782;4
0.221447885036469;25.224;209;-2.621543;-0.01680407;4
0.222400143742561;25.317;203;-2.623159;-0.01686654;4
0.223496645689011;25.424;198;-2.611959;-0.01586071;4
0.224420040845871;25.517;195;-2.594025;-0.0118167;4
0.225487619638443;25.624;194;-2.568585;-0.01031659;4
0.226410940289497;25.717;192;-2.537734;-0.009229172;4
0.227449655532837;25.824;191;-2.486849;-0.009557985;4
0.228344157338142;25.917;191;-2.441278;-0.009228546;4
0.229383021593094;26.024;189;-2.396834;-0.01280777;4
0.230277642607689;26.117;188;-2.359308;-0.01210283;4
0.231316462159157;26.224;187;-2.323701;-0.01346587;4
0.232182025909424;26.317;185;-2.298409;-0.01885486;4
0.233191952109337;26.424;184;-2.26607;-0.01754523;4
0.234057560563087;26.517;183;-2.243376;-0.02038629;4
0.235067501664162;26.624;182;-2.215695;-0.01772146;4
0.235962003469467;26.717;182;-2.200821;-0.01821261;4
0.236971884965897;26.824;182;-2.183753;-0.01647661;4
0.23783752322197;26.917;179;-2.167775;-0.01542445;4
0.238789632916451;27.024;177;-2.1592;-0.015295;4
0.239626467227936;27.117;175;-2.160065;-0.01468846;4
0.240607693791389;27.224;173;-2.178961;-0.0166096;4
0.241415694355965;27.317;172;-2.204242;-0.0005939883;4
0.242367833852768;27.424;171;-2.2427;-0.008891867;4
0.243175700306892;27.517;170;-2.293314;-0.007843466;4
0.244099140167236;27.624;169;-2.354294;-0.003075084;4
0.244907140731812;27.717;167;-2.403575;0.001314766;4
0.245830535888672;27.824;166;-2.451917;-0.003025331;4
0.24660949409008;27.917;165;-2.499771;0.003052917;4
0.247532829642296;28.024;164;-2.544101;0.006915213;4
0.248311951756477;28.117;163;-2.573813;0.008808322;4
0.249235406517982;28.224;162;-2.59413;0.00213813;4
0.250014454126358;28.317;162;-2.614706;0.00596361;4
0.250937730073929;28.424;161;-2.63292;0.0009821161;4
0.251716822385788;28.517;161;-2.667849;0.001860022;4
0.252611339092255;28.624;162;-2.71168;0.005008772;4
0.253390461206436;28.717;163;-2.745249;0.00262284;4
0.25428494811058;28.824;163;-2.779958;0.001036064;4
0.255092829465866;28.917;164;-2.809348;0.001471165;4
0.256016224622726;29.024;165;-2.836483;-0.003059849;4
0.25679537653923;29.117;166;-2.862188;-0.002491764;4
0.257718771696091;29.224;167;-2.884168;-0.006324075;4
0.258526623249054;29.317;169;-2.904263;-0.006931914;4
0.259478867053986;29.424;170;-2.917161;-0.00658842;4
0.260286837816238;29.517;169;-2.921763;-0.006306628;4
0.26118129491806;29.624;166;-2.902172;-0.01112905;4
0.261960357427597;29.717;163;-2.870066;-0.01363391;4
0.262854903936386;29.824;162;-2.812982;-0.00596384;4
0.263634026050568;29.917;162;-2.768102;-0.004852597;4
0.264499723911285;30.024;162;-2.722444;-0.005883314;4
0.265278816223145;30.117;160;-2.685971;-0.004497366;4
0.266144335269928;30.224;159;-2.646748;-0.003862426;4
0.266894549131393;30.317;158;-2.615686;-0.003387541;4
0.26773139834404;30.424;157;-2.579516;-0.002409488;4
0.268481612205505;30.517;156;-2.549934;-0.001921744;4
0.269318282604218;30.624;155;-2.511867;0.0007649484;4
0.270039677619934;30.717;154;-2.483176;-0.00353539;4
0.270876586437225;30.824;152;-2.439021;0.001683439;4
0.271569222211838;30.917;150;-2.401588;0.003244162;4
0.272377103567123;31.024;149;-2.359647;0.002014275;4
0.273069560527802;31.117;147;-2.316998;0.004486763;4
0.273848652839661;31.224;145;-2.270239;0.00647384;4
0.274512350559235;31.319;144;-2.224565;0.01388147;4
0.275291472673416;31.427;143;-2.198501;0.002672825;4
0.275926262140274;31.519;141;-2.162016;0.008640249;4
0.276676386594772;31.627;140;-2.122782;0.01712575;4
0.277340054512024;31.719;138;-2.099731;0.01364465;4
0.278061509132385;31.827;137;-2.066391;0.01258919;4
0.278696358203888;31.919;137;-2.030539;0.0134836;4
0.279417812824249;32.027;135;-1.978798;0.01852586;4
0.280052602291107;32.119;134;-1.939056;0.01775585;4
0.280773878097534;32.227;133;-1.8874;0.02016732;4
0.281379818916321;32.319;133;-1.847454;0.02350337;4
0.282101213932037;32.427;134;-1.811482;0.02277873;4
0.282736033201218;32.519;135;-1.776512;0.02708112;4
0.283486217260361;32.627;135;-1.745878;0.02668864;4
0.284121066331863;32.719;136;-1.712669;0.02889757;4
0.284871250391006;32.827;137;-1.674027;0.02757113;4
0.285506039857864;32.922;135;-1.631403;0.02940155;4
0.28622755408287;33.027;134;-1.583394;0.02623704;4
0.286862462759018;33.119;133;-1.534382;0.03030506;4
0.287612617015839;33.229;133;-1.489249;0.02714063;4
0.288247287273407;33.322;133;-1.448278;0.03164278;4
0.288997620344162;33.429;134;-1.417394;0.02549827;4
0.289603620767593;33.519;135;-1.382212;0.02978521;4
0.290382713079453;33.629;136;-1.348923;0.02700537;4
0.291046380996704;33.722;136;-1.318181;0.02573838;4
0.291825473308563;33.829;137;-1.27877;0.02647652;4
0.292489111423492;33.922;138;-1.24498;0.02324555;4
0.293268173933029;34.029;139;-1.202224;0.02561921;4
0.293931841850281;34.122;140;-1.170711;0.02466968;4
0.294739812612534;34.229;141;-1.137773;0.02600649;4
0.295461088418961;34.324;143;-1.11226;0.0243011;4
0.296153634786606;34.417;145;-1.089457;0.02436084;4
0.29699045419693;34.524;147;-1.071181;0.02067632;4
0.297711908817291;34.617;147;-1.05767;0.02194905;4
0.298664152622223;34.737;150;-1.060179;0.02088629;4
0.299414366483688;34.832;151;-1.068577;0.01602789;4
0.300135731697083;34.922;153;-1.080986;0.01612134;4
0.301001340150833;35.032;154;-1.110826;0.01153448;4
0.301722645759583;35.122;154;-1.147285;0.009775516;4
0.302559375762939;35.229;155;-1.190196;0.007466965;4
0.303280711174011;35.322;156;-1.221063;0.003551764;4
0.304146379232407;35.432;157;-1.254785;0.0008912102;4
0.304896742105484;35.524;158;-1.283615;-0.001144686;4
0.305733621120453;35.629;157;-1.316427;-0.005153821;4
0.306455045938492;35.722;156;-1.35191;-0.009741018;4
0.307320475578308;35.829;156;-1.40184;-0.009207357;4
0.308041870594025;35.922;156;-1.434723;-0.01287708;4
0.308820992708206;36.017;156;-1.466372;-0.01453723;4
0.309657901525497;36.122;155;-1.496692;-0.01958103;4
0.310379415750504;36.214;154;-1.532573;-0.02059242;4
0.311244815587997;36.322;153;-1.579147;-0.02120584;4
0.31211045384407;36.432;152;-1.622461;-0.02651669;4
0.312803000211716;36.522;151;-1.65935;-0.02933751;4
0.313553273677826;36.617;150;-1.704722;-0.0238261;4
0.314361125230789;36.724;149;-1.75299;-0.01915555;4
0.315053522586823;36.817;148;-1.794027;-0.01530211;4
0.315861642360687;36.922;146;-1.844271;-0.003640963;4
0.3165542781353;37.017;146;-1.87445;-0.009032059;4
0.31736221909523;37.124;146;-1.914168;-0.008237239;4
0.318083554506302;37.217;147;-1.948659;-0.005099933;4
0.318891495466232;37.324;148;-1.984685;-0.001906811;4
0.319583982229233;37.417;148;-2.0231;0.001319093;4
0.320420771837235;37.527;149;-2.065887;0.002815627;4
0.321142166852951;37.619;149;-2.106744;0.007148227;4
0.321949988603592;37.727;150;-2.149694;0.00838526;4
0.322671383619308;37.817;151;-2.190291;0.01426707;4
0.323508232831955;37.924;152;-2.231871;0.01582765;4
0.324229627847672;38.017;153;-2.268784;0.01823637;4
0.325124144554138;38.127;154;-2.312258;0.02071512;4
0.32584536075592;38.219;155;-2.349477;0.02600382;4
0.326739937067032;38.327;156;-2.38641;0.02795255;4
0.327490240335464;38.419;157;-2.420963;0.03155176;4
0.328356057405472;38.524;159;-2.454126;0.03194546;4
0.329135149717331;38.617;159;-2.484825;0.0314888;4
0.330058425664902;38.727;160;-2.527385;0.03822428;4
0.330808639526367;38.817;162;-2.538996;0.04263971;4
0.331703126430511;38.927;158;-2.52335;0.04007278;4
0.332395642995834;39.017;151;-2.508625;0.03937102;4
0.333203434944153;39.127;144;-2.49058;0.04307509;4
0.333838313817978;39.219;138;-2.473854;0.04211129;4
0.334588676691055;39.327;133;-2.451012;0.04016657;4
0.335194706916809;39.417;130;-2.429247;0.03999052;4
0.335887253284454;39.527;125;-2.399011;0.04521928;4
0.336464107036591;39.617;120;-2.370691;0.04489636;4
0.337098509073257;39.727;115;-2.320469;0.04720373;4
0.337618112564087;39.817;110;-2.273848;0.0523113;4
0.338224232196808;39.927;107;-2.216185;0.05419891;4
0.338743716478348;40.019;107;-2.163875;0.0564228;4
0.339320868253708;40.127;105;-2.105716;0.05733707;4
0.339811444282532;40.219;104;-2.059776;0.05518945;4
0.340388119220734;40.329;103;-1.998846;0.05777227;4
0.340878486633301;40.422;102;-1.948995;0.05707431;4
0.341426998376846;40.529;101;-1.891624;0.05668037;4
0.341917663812637;40.622;100;-1.842127;0.05610585;4
0.342465966939926;40.729;98;-1.782072;0.05751528;4
0.342927664518356;40.822;97;-1.731433;0.0579005;4
0.343447089195251;40.929;96;-1.672524;0.05714601;4
0.34390851855278;41.022;96;-1.620497;0.05664342;4
0.3444564640522;41.129;96;-1.561893;0.05814505;4
0.34491840004921;41.222;97;-1.513228;0.0593203;4
0.345438003540039;41.329;97;-1.461274;0.05749534;4
0.345899730920792;41.422;98;-1.409606;0.05949033;4
0.34644803404808;41.529;99;-1.353823;0.05940135;4
0.346938610076904;41.622;100;-1.305756;0.06010613;4
0.347486704587936;41.729;101;-1.254384;0.05986471;4
0.348005801439285;41.824;102;-1.208768;0.05961211;4
0.348525196313858;41.917;103;-1.161441;0.06172384;4
0.349102407693863;42.024;104;-1.107909;0.06774609;4
0.349621921777725;42.117;104;-1.068286;0.06671817;4
0.350199192762375;42.224;105;-1.013941;0.06750234;4
0.350747615098953;42.322;107;-0.9677653;0.06636343;4
0.351353347301483;42.427;108;-0.9239854;0.06617195;4
0.351872503757477;42.519;109;-0.8873805;0.06537705;4
0.352507352828979;42.627;111;-0.849254;0.06758311;4
0.353055715560913;42.717;112;-0.8308923;0.06054616;4
0.35369074344635;42.827;114;-0.7993231;0.06507715;4
0.35426852107048;42.919;116;-0.8072977;0.05779555;4
0.354902863502502;43.027;117;-0.8547661;0.05154055;4
0.355449736118317;43.117;119;-0.9000927;0.04690957;4
0.356113940477371;43.227;120;-0.9536571;0.03812938;4
0.356691300868988;43.319;121;-1.005973;0.03652784;4
0.357354789972305;43.427;121;-1.075701;0.04265657;4
0.357932150363922;43.519;122;-1.131383;0.04801082;4
0.35859540104866;43.627;122;-1.194254;0.0590812;4
0.359171569347382;43.719;122;-1.23115;0.05786258;4
0.359836012125015;43.827;123;-1.273167;0.05909431;4
0.360442370176315;43.919;124;-1.302563;0.05642676;4
0.361135065555573;44.027;125;-1.342535;0.05558729;4
0.361741364002228;44.119;125;-1.371222;0.04924502;4
0.362434089183807;44.227;126;-1.410914;0.04278566;4
0.363040000200272;44.319;127;-1.453738;0.04187073;4
0.363760888576508;44.427;128;-1.50038;0.03979643;4
0.364395767450333;44.519;130;-1.535395;0.03629065;4
0.365117162466049;44.627;131;-1.569298;0.03647731;4
0.365751981735229;44.719;132;-1.587157;0.03516671;4
0.36650276184082;44.827;133;-1.613042;0.02985857;4
0.367137163877487;44.919;135;-1.648373;0.02863463;4
0.367887109518051;45.027;137;-1.691633;0.02779309;4
0.36855074763298;45.119;139;-1.725043;0.02421824;4
0.369329541921616;45.227;140;-1.761515;0.01953035;4
0.369993090629578;45.319;142;-1.793653;0.01906963;4
0.37080106139183;45.427;143;-1.812824;0.009792234;4
0.371493697166443;45.519;144;-1.837134;0.01408392;4
0.37230184674263;45.627;146;-1.844109;0.01061967;4
0.372994482517242;45.719;148;-1.845668;0.008201814;4
0.373831659555435;45.827;150;-1.846649;0.007937414;4
0.374552845954895;45.919;151;-1.844932;0.00461039;4
0.375389486551285;46.027;152;-1.843312;8.389354E-05;4
0.376110821962357;46.119;153;-1.843749;0.0005340548;4
0.376976400613785;46.227;154;-1.845221;-0.001669832;4
0.37772661447525;46.319;156;-1.848228;-0.005625051;4
0.378592312335968;46.429;157;-1.854824;-0.008611123;4
0.379342585802078;46.519;159;-1.85996;-0.009568459;4
0.380237102508545;46.627;160;-1.864755;-0.01220453;4
0.381016194820404;46.719;162;-1.866833;-0.01511411;4
0.381939560174942;46.829;164;-1.867708;-0.01650947;4
0.38268980383873;46.919;164;-1.869031;-0.01958572;4
0.383613169193268;47.027;166;-1.872193;-0.02099844;4
0.384421110153198;47.119;168;-1.876588;-0.02362742;4
0.385373324155808;47.229;169;-1.884954;-0.02803492;4
0.386181265115738;47.322;171;-1.897446;-0.02938789;4
0.387162327766418;47.432;172;-1.917574;-0.03245217;4
0.387970238924026;47.524;173;-1.933973;-0.03747403;4
0.388922482728958;47.629;174;-1.954485;-0.03748653;4
0.38975927233696;47.722;176;-1.972722;-0.04191573;4
0.39074033498764;47.829;177;-2.00129;-0.04419176;4
0.39157709479332;47.922;179;-2.0227;-0.04817788;4
0.392558157444;48.029;180;-2.04537;-0.04955107;4
0.393423795700073;48.122;181;-2.061489;-0.05430678;4
0.394462645053864;48.232;182;-2.081011;-0.05653043;4
0.395328372716904;48.322;183;-2.099399;-0.06114768;4
0.396338373422623;48.429;185;-2.119471;-0.07317023;4
0.397232860326767;48.524;186;-2.147342;-0.07232251;4
0.398127317428589;48.617;187;-2.174459;-0.06425071;4
0.399137198925018;48.722;188;-2.197864;-0.05564049;4
0.400060534477234;48.817;188;-2.217346;-0.05377693;4
0.401099324226379;48.924;188;-2.239662;-0.06771951;4
0.401964992284775;49.014;189;-2.274542;-0.06747301;4
0.403032630681992;49.124;190;-2.307451;-0.06356223;4
0.403927177190781;49.217;192;-2.32326;-0.06248941;4
0.404994785785675;49.324;193;-2.338693;-0.06108667;4
0.405918121337891;49.417;193;-2.353299;-0.05908227;4
0.406985759735107;49.524;194;-2.371459;-0.05749828;4
0.407909154891968;49.617;196;-2.388539;-0.05643322;4
0.409005671739578;49.724;197;-2.407801;-0.05352554;4
0.409957885742188;49.817;198;-2.422974;-0.05186429;4
0.411054342985153;49.924;199;-2.441694;-0.05156067;4
0.412006586790085;50.017;200;-2.460902;-0.04876433;4
0.413103103637695;50.124;201;-2.482032;-0.04955107;4
0.414055287837982;50.217;201;-2.498585;-0.04653379;4
0.415180563926697;50.324;202;-2.515642;-0.04438873;4
0.416132807731628;50.417;203;-2.526659;-0.04263229;4
0.417258232831955;50.524;204;-2.532281;-0.04262538;4
0.418210446834564;50.617;205;-2.531523;-0.0378219;4
0.419365018606186;50.724;207;-2.523177;-0.03749138;4
0.420346200466156;50.817;207;-2.515653;-0.03442396;4
0.421496599912643;50.924;208;-2.508595;-0.02999898;4
0.422502398490906;51.017;209;-2.502684;-0.03019773;4
0.423662066459656;51.124;210;-2.495348;-0.02732645;4
0.424668729305267;51.217;211;-2.488586;-0.0258336;4
0.425853282213211;51.324;212;-2.480147;-0.02220063;4
0.426865577697754;51.417;212;-2.473012;-0.01835509;4
0.42805004119873;51.524;213;-2.466095;-0.01777338;4
0.429090023040771;51.617;214;-2.462474;-0.01620707;4
0.430275619029999;51.724;215;-2.457487;-0.01273035;4
0.431310713291168;51.817;216;-2.453;-0.01071667;4
0.432493776082993;51.924;217;-2.446978;-0.007968946;4
0.433532565832138;52.017;217;-2.441964;-0.006536147;4
0.434744387865067;52.124;218;-2.436698;-0.001922576;4
0.43578314781189;52.217;219;-2.433405;-0.001608758;4
0.43699511885643;52.324;219;-2.428764;9.309873E-05;4
0.438033103942871;52.417;220;-2.425363;0.004889164;4
0.439244210720062;52.524;221;-2.429001;0.005884596;4
0.440312802791595;52.617;221;-2.440193;0.007833111;4
0.441525459289551;52.724;222;-2.453486;0.01037393;4
0.44256466627121;52.814;222;-2.459726;0.01237776;4
0.443836182355881;52.924;223;-2.465585;0.01482179;4
0.444904714822769;53.017;224;-2.458495;0.01637105;4
0.446142613887787;53.124;224;-2.458156;0.02029859;4
0.447182863950729;53.217;222;-2.458182;0.01886831;4
0.448365837335587;53.324;216;-2.453062;0.01678881;4
0.449346244335175;53.417;212;-2.45099;0.01435371;4
0.450443148612976;53.524;204;-2.450307;0.01760331;4
0.451367288827896;53.617;196;-2.451051;0.01884098;4
0.45240706205368;53.724;188;-2.45608;0.02093779;4
0.453241258859634;53.817;181;-2.458628;0.02389673;4
0.454192847013474;53.924;174;-2.453005;0.02371867;4
0.454999387264252;54.017;167;-2.455336;0.02562268;4
0.455865859985352;54.124;160;-2.464601;0.027062;4
0.45661661028862;54.217;156;-2.474803;0.02797277;4
0.45742455124855;54.324;150;-2.488599;0.03111456;4
0.458117067813873;54.417;143;-2.502354;0.03135801;4
0.458867400884628;54.524;137;-2.519459;0.03216008;4
0.459501594305038;54.617;131;-2.535984;0.03169374;4
0.460194140672684;54.724;125;-2.561021;0.03402362;4
0.460742920637131;54.817;122;-2.579893;0.03388212;4
0.461378812789917;54.924;116;-2.601138;0.0344748;4
0.461898446083069;55.017;111;-2.623195;0.03365544;4
0.462474822998047;55.124;106;-2.655235;0.03457107;4
0.462963819503784;55.217;101;-2.679219;0.02886825;4
0.463509976863861;55.324;96;-2.724903;0.02631717;4
0.463943660259247;55.417;94;-2.768333;0.02210042;4
0.464464217424393;55.524;89;-2.828788;0.01827312;4
0.46486884355545;55.617;88;-2.880213;0.01665775;4
0.465360194444656;55.724;85;-2.93289;0.009962122;4
0.465764999389648;55.817;83;-2.98406;0.007951194;4
0.466227620840073;55.924;80;-3.043953;0.005713215;4
0.466601610183716;56.017;77;-3.099918;0.00607426;4
0.467032581567764;56.124;74;3.11569;0.005031935;4
0.467407017946243;56.217;73;3.055183;0.003196235;4
0.467782378196716;56.324;70;2.978359;0.00464801;4
0.468128889799118;56.417;68;2.915447;0.005432691;4
0.468504309654236;56.524;67;2.845163;0.003152894;4
0.468821942806244;56.617;65;2.780542;0.003891548;4
0.469168484210968;56.724;64;2.704271;0.004433142;4
0.469486087560654;56.817;64;2.636599;0.002857588;4
0.469832569360733;56.924;63;2.552523;0.0002688884;4
0.470149517059326;57.017;62;2.473858;-0.002317614;4
0.470494568347931;57.124;63;2.388644;-0.006012242;4
0.470810890197754;57.217;64;2.313535;-0.008565811;4
0.471186101436615;57.324;65;2.228019;-0.009556423;4
0.471504032611847;57.417;66;2.15376;-0.008874686;4
0.471879690885544;57.524;68;2.078329;-0.01062448;4
0.472226142883301;57.617;68;2.015862;-0.01370636;4
0.472601443529129;57.724;70;1.943691;-0.01710616;4
0.472947984933853;57.817;71;1.875772;-0.01607633;4
0.473381221294403;57.924;73;1.801821;-0.009592126;4
0.473727703094482;58.017;75;1.755516;-0.009078769;4
0.474159806966782;58.124;78;1.711859;-0.01263927;4
0.474563121795654;58.217;79;1.676549;-0.01250337;4
0.47502475976944;58.324;82;1.633497;-0.01626834;4
0.475457608699799;58.417;85;1.593355;-0.02139063;4
0.47594827413559;58.524;87;1.547194;-0.02290827;4
0.476381242275238;58.617;90;1.51261;-0.02721109;4
0.476900905370712;58.724;92;1.466577;-0.03204361;4
0.477333962917328;58.817;94;1.429518;-0.03407258;4
0.477882474660873;58.924;97;1.388728;-0.04028453;4
0.478373140096664;59.017;99;1.346053;-0.04335533;4
0.478920757770538;59.124;101;1.305548;-0.04615805;4
0.479410499334335;59.217;103;1.276592;-0.05246868;4
0.48001503944397;59.324;106;1.243911;-0.05347657;4
0.480534344911575;59.417;109;1.230932;-0.05703469;4
0.481140613555908;59.524;113;1.21898;-0.05867605;4
0.481689244508743;59.617;114;1.215581;-0.06405099;4
0.482323974370956;59.724;116;1.213163;-0.06253947;4
0.482871681451797;59.817;118;1.212804;-0.06320378;4
0.483563959598541;59.924;120;1.212003;-0.06293652;4
0.48414158821106;60.017;123;1.210915;-0.06370819;4
0.484835267066956;60.124;125;1.209829;-0.0614657;4
0.485440015792847;60.217;126;1.208557;-0.06173071;4
0.486161857843399;60.327;129;1.206964;-0.05954939;4
0.486796766519547;60.417;131;1.206593;-0.05789942;4
0.487543910741806;60.527;133;1.205675;-0.05684533;4
0.488180011510849;60.617;136;1.204679;-0.05391062;4
0.488960802555084;60.727;138;1.204957;-0.05460819;4
0.489625155925751;60.817;140;1.205073;-0.05280898;4
0.490432560443878;60.927;142;1.204984;-0.04835953;4
0.491125375032425;61.019;143;1.206185;-0.04854209;4
0.491905033588409;61.124;145;1.207987;-0.04582167;4
0.492626905441284;61.217;147;1.210848;-0.04542563;4
0.493463784456253;61.327;149;1.212871;-0.04131926;4
0.494184941053391;61.419;151;1.213132;-0.0408093;4
0.49502170085907;61.527;153;1.213161;-0.03821903;4
0.495771914720535;61.619;154;1.214029;-0.03720462;4
0.496608674526215;61.727;155;1.215822;-0.03659889;4
0.497358947992325;61.819;156;1.216763;-0.0322759;4
0.498195767402649;61.924;158;1.21931;-0.0318989;4
0.498974829912186;62.019;159;1.222026;-0.02806313;4
0.499869346618652;62.127;161;1.225281;-0.02773091;4
0.500619649887085;62.219;162;1.227945;-0.02464664;4
0.501514136791229;62.324;163;1.231596;-0.02328945;4
0.502293169498444;62.417;165;1.234233;-0.02052581;4
0.503216624259949;62.527;166;1.237738;-0.01901485;4
0.504024565219879;62.619;168;1.241023;-0.01676473;4
0.504976868629456;62.727;169;1.244381;-0.0144489;4
0.505784690380096;62.819;171;1.24751;-0.01199462;4
0.506736814975739;62.927;172;1.251013;-0.009474124;4
0.507573544979095;63.019;173;1.25418;-0.006760189;4
0.508554577827454;63.127;175;1.257861;-0.006407687;4
0.5093914270401;63.219;176;1.259741;-0.00176409;4
0.510372519493103;63.327;177;1.261746;-0.001856484;4
0.511238217353821;63.419;179;1.2638;0.002311734;4
0.51224809885025;63.527;180;1.26648;0.003343312;4
0.513113796710968;63.619;181;1.268975;0.00708917;4
0.514123737812042;63.727;182;1.271538;0.005412229;4
0.514989376068115;63.819;183;1.274064;0.01203333;4
0.516028225421906;63.927;184;1.276392;0.01211652;4
0.51692271232605;64.019;185;1.27776;0.01528246;4
0.517932653427124;64.127;186;1.279378;0.01723062;4
0.518827199935913;64.219;188;1.280832;0.01967732;4
0.519865989685059;64.327;188;1.282399;0.02194875;4
0.520760476589203;64.419;188;1.283912;0.02324023;4
0.521799206733704;64.527;189;1.285477;0.02763531;4
0.522693693637848;64.619;190;1.286653;0.02916967;4
0.523732602596283;64.727;191;1.28821;0.03044041;4
0.524655997753143;64.819;192;1.289411;0.03490093;4
0.525694847106934;64.927;193;1.290534;0.03604894;4
0.52661806344986;65.019;193;1.291113;0.03790976;4
0.527685701847076;65.127;194;1.290017;0.04013233;4
0.528637886047363;65.219;195;1.290284;0.03732756;4
0.529705405235291;65.327;196;1.290919;0.03755083;4
0.530657589435577;65.419;197;1.290747;0.0357192;4
0.531782805919647;65.527;198;1.289565;0.03458948;4
0.532735109329224;65.619;198;1.28863;0.03218839;4
0.533831715583801;65.727;199;1.28836;0.03154523;4
0.534784018993378;65.819;200;1.288799;0.03120713;4
0.535909295082092;65.927;201;1.28942;0.0289093;4
0.536861479282379;66.019;202;1.290183;0.02889147;4
0.537986874580383;66.127;202;1.290781;0.02767182;4
0.53893917798996;66.219;203;1.291598;0.02620465;4
0.54006427526474;66.327;204;1.292681;0.02511624;4
0.541045367717743;66.419;205;1.293704;0.02355813;4
0.542170882225037;66.527;206;1.295999;0.02411077;4
0.543123185634613;66.619;206;1.297963;0.02087355;4
0.544277369976044;66.727;207;1.300107;0.02092708;4
0.545258581638336;66.819;208;1.302222;0.01805251;4
0.546441674232483;66.929;209;1.304891;0.01814791;4
0.547422647476196;67.019;209;1.306832;0.01676894;4
0.548576891422272;67.127;210;1.309752;0.01545397;4
0.549615681171417;67.222;211;1.311838;0.01515673;4
0.550769805908203;67.329;212;1.314487;0.0128218;4
0.551750838756561;67.419;213;1.316656;0.01210213;4
0.552933812141418;67.527;214;1.319168;0.01100836;4
0.553972482681274;67.619;214;1.321037;0.009002189;4
0.555155515670776;67.727;215;1.32324;0.008323908;4
0.55616557598114;67.819;216;1.325399;0.006834822;4
0.557377457618713;67.927;216;1.32786;0.007254813;4
0.558416366577148;68.019;217;1.329743;0.003687845;4
0.559628248214722;68.129;218;1.332513;0.004618145;4
0.560695886611938;68.222;219;1.334786;0.001555409;4
0.56187915802002;68.327;219;1.337744;0.0009454639;4
0.562917768955231;68.419;220;1.339643;0.0002663946;4
0.564187288284302;68.529;220;1.340015;-0.001902144;4
0.565226256847382;68.619;221;1.339587;-0.003757747;4
0.566467046737671;68.727;222;1.339389;-0.003841071;4
0.567505836486816;68.819;222;1.339124;-0.00635513;4
0.568746566772461;68.927;223;1.339613;-0.007147627;4
0.569843113422394;69.022;224;1.339952;-0.007715282;4
0.571055233478546;69.127;224;1.340266;-0.01138004;4
0.572151601314545;69.222;224;1.340796;-0.01097332;4
0.5733922123909;69.329;225;1.341277;-0.01302136;4
0.574459671974182;69.422;226;1.341279;-0.01293197;4
0.575700283050537;69.529;226;1.341003;-0.01476993;4
0.576768100261688;69.622;227;1.341132;-0.01617189;4
0.578037619590759;69.729;228;1.341721;-0.01900576;4
0.579134047031403;69.822;228;1.342388;-0.01870562;4
0.580403804779053;69.929;229;1.343586;-0.01977955;4
0.58150041103363;70.022;229;1.345135;-0.02010673;4
0.582769930362701;70.129;230;1.347366;-0.01766308;4
0.583866477012634;70.222;231;1.34925;-0.01673895;4
0.585136234760284;70.329;231;1.351856;-0.01548428;4
0.586261451244354;70.422;232;1.354373;-0.01453212;4
0.587559938430786;70.529;232;1.357484;-0.01240998;4
0.588656544685364;70.622;233;1.360089;-0.01112343;4
0.58995509147644;70.729;234;1.362738;-0.01060965;4
0.5910804271698;70.822;234;1.367042;-0.008137874;4
0.5923792719841;70.929;235;1.371651;-0.007200853;4
0.593475759029388;71.022;235;1.37544;-0.005356831;4
0.594802796840668;71.129;236;1.378896;-0.004460989;4
0.595899283885956;71.222;236;1.382148;-0.003338829;4
0.597197771072388;71.329;237;1.385751;-0.0005228138;4
0.598322987556458;71.422;237;1.388663;-0.0008977411;4
0.599621415138245;71.529;238;1.391938;0.002002037;4
0.600746810436249;71.622;238;1.394285;0.002184457;4
0.602045357227325;71.729;239;1.397307;0.003521522;4
0.603199601173401;71.822;239;1.398592;0.005404544;4
0.604526817798615;71.929;240;1.398792;0.006565507;4
0.605652153491974;72.022;240;1.400171;0.007405132;4
0.606979489326477;72.129;241;1.401488;0.009164305;4
0.608133673667908;72.222;241;1.40178;0.009299182;4
0.609460949897766;72.329;242;1.402326;0.00830166;4
0.610644102096558;72.422;242;1.402909;0.01029322;4
0.612000286579132;72.529;242;1.403475;0.007241001;4
0.613154470920563;72.622;243;1.40394;0.008726002;4
0.614510655403137;72.729;243;1.403971;0.009391284;4
0.615664839744568;72.822;244;1.403496;0.008140902;4
0.617021083831787;72.929;244;1.403584;0.008196731;4
0.618175208568573;73.022;244;1.404612;0.009814252;4
0.619531571865082;73.129;245;1.406476;0.008321477;4
0.620714545249939;73.222;245;1.407579;0.008024812;4
0.622070670127869;73.329;246;1.409057;0.008774597;4
0.623224854469299;73.422;246;1.410306;0.009076901;4
0.624581098556519;73.529;246;1.412877;0.008539967;4
0.625764191150665;73.622;247;1.415049;0.009041491;4
0.627120435237885;73.729;247;1.417452;0.008455985;4
0.628303468227386;73.822;247;1.419694;0.00895013;4
0.62965977191925;73.929;248;1.421626;0.009650725;4
0.630842924118042;74.022;248;1.424355;0.008408826;4
0.632199048995972;74.129;248;1.427981;0.009401293;4
0.633382081985474;74.222;249;1.430461;0.009202306;4
0.634767055511475;74.329;249;1.43196;0.008544591;4
0.635950028896332;74.422;249;1.432491;0.01018754;4
0.637335062026978;74.529;250;1.434268;0.008438597;4
0.638518154621124;74.622;250;1.436906;0.009068462;4
0.63990330696106;74.729;250;1.439871;0.008555565;4
0.641115128993988;74.822;251;1.442049;0.00917695;4
0.642500162124634;74.929;251;1.442148;0.008441224;4
0.643683135509491;75.022;251;1.442562;0.007227211;4
0.645096838474274;75.129;252;1.443722;0.006349453;4
0.64627993106842;75.222;252;1.443619;0.005292596;4
0.647665083408356;75.329;252;1.444087;0.005657984;4
0.648876965045929;75.422;253;1.444753;0.003295143;4
0.650262236595154;75.529;253;1.446085;0.004009108;4
0.651474356651306;75.622;253;1.446962;0.003057966;4
0.652859330177307;75.729;253;1.442016;0.002590599;4
0.654071509838104;75.822;254;1.439225;0.001539272;4
0.655456721782684;75.929;254;1.441981;0.001785069;4
0.656668424606323;76.022;254;1.444055;0.0003250353;4
0.658082008361816;76.129;255;1.440032;-9.821448E-05;4
0.659293949604034;76.222;255;1.443524;-0.001948904;4
0.660707652568817;76.329;255;1.448202;-0.001117751;4
0.661918938159943;76.422;255;1.447377;-0.003137511;4
0.663303077220917;76.529;253;1.45181;-0.005128774;4
0.664458632469177;76.622;246;1.453166;-0.01222534;4
0.665758967399597;76.729;239;1.45607;-0.01554021;4
0.66685563325882;76.822;231;1.456311;-0.01533368;4
0.668069005012512;76.929;223;1.449239;-0.01694708;4
0.669082164764404;77.022;216;1.443853;-0.01853589;4
0.670237243175507;77.129;208;1.445497;-0.01880313;4
0.671185314655304;77.222;204;1.44788;-0.01923829;4
0.672278463840485;77.329;197;1.443058;-0.02040667;4
0.673169195652008;77.422;190;1.438617;-0.02040191;4
0.674211919307709;77.532;183;1.439507;-0.02150932;4
0.675019860267639;77.622;176;1.439463;-0.02109958;4
0.6759432554245;77.729;169;1.436538;-0.02177532;4
0.676722347736359;77.822;166;1.431861;-0.02156759;4
0.677616775035858;77.932;159;1.424044;-0.02221218;4
0.678309321403503;78.022;152;1.41275;-0.02178083;4
0.679117262363434;78.132;146;1.396492;-0.02252907;4
0.679752111434937;78.222;140;1.380898;-0.02361095;4
0.680502355098724;78.332;134;1.360199;-0.02397431;4
0.681108236312866;78.422;128;1.341478;-0.02458395;4
0.681771874427795;78.529;122;1.317255;-0.02337637;4
0.682320237159729;78.622;119;1.298065;-0.024565;4
0.682955086231232;78.729;114;1.270188;-0.02545466;4
0.683445632457733;78.822;109;1.241946;-0.02713211;4
0.684022545814514;78.929;103;1.206607;-0.02646358;4
0.68448394536972;79.022;98;1.177448;-0.02645082;4
0.685002863407135;79.132;94;1.143054;-0.02720181;4
0.685435891151428;79.224;91;1.113498;-0.02838875;4
0.685898005962372;79.329;87;1.066705;-0.02945957;4
0.686302423477173;79.422;84;1.01741;-0.02808892;4
0.686764597892761;79.532;81;0.9477804;-0.03055855;4
0.687111020088196;79.622;79;0.8880036;-0.02873996;4
0.687543570995331;79.729;76;0.8182257;-0.0296683;4
0.687918424606323;79.822;75;0.7650145;-0.03248427;4
0.688350319862366;79.929;73;0.6890466;-0.03442948;4
0.688695788383484;80.022;72;0.6322459;-0.03781372;4
0.689099848270416;80.129;71;0.5694175;-0.0435816;4
0.689417719841003;80.222;70;0.5073274;-0.04537771;4
0.689822196960449;80.332;69;0.4305685;-0.03936932;4
0.690168738365173;80.422;69;0.3517642;-0.0256258;4
0.690544128417969;80.529;71;0.2829748;-0.01967735;4
0.690919280052185;80.624;71;0.209623;-0.009565215;4
0.691265404224396;80.719;73;0.1337742;0.002791394;4
0.691697835922241;80.824;74;0.05579235;0.008550998;4
0.692071855068207;80.917;76;-0.01350805;0.006574815;4
0.692503392696381;81.024;77;-0.09289227;0.002684907;4
0.692879140377045;81.117;78;-0.1637438;0.0004091196;4
0.69331282377243;81.224;79;-0.2424614;-0.001010118;4
0.69368839263916;81.317;80;-0.3011192;-0.002286039;4
0.694150447845459;81.424;82;-0.3676694;-0.003164542;4
0.69455486536026;81.517;83;-0.4124175;-0.005642382;4
0.695017158985138;81.624;85;-0.4619898;-0.005686533;4
0.695449829101563;81.717;87;-0.5000468;-0.004421617;4
0.695938885211945;81.824;90;-0.526494;-0.004832097;4
0.696371018886566;81.917;92;-0.5435609;-0.001388796;4
0.696890771389008;82.024;95;-0.5621618;0.000290161;4
0.697352707386017;82.117;98;-0.5772297;-0.001488852;4
0.697929978370667;82.227;101;-0.597819;0.0009554663;4
0.698391854763031;82.317;104;-0.6138163;0.002287229;4
0.698969185352325;82.424;106;-0.6348853;0.003975871;4
0.699488878250122;82.517;108;-0.6527227;0.005117833;4
0.700066089630127;82.624;110;-0.6780602;0.002883569;4
0.700613677501678;82.717;113;-0.7014739;0.004240632;4
0.701218485832214;82.824;114;-0.7316068;0.004297384;4
0.701765537261963;82.917;116;-0.7629393;0.004248982;4
0.702400386333466;83.024;117;-0.8019561;0.003912842;4
0.702948093414307;83.117;118;-0.8329167;0.006768235;4
0.703610479831696;83.224;120;-0.8638108;0.004767114;4
0.704216778278351;83.322;122;-0.8924646;0.007412542;4
0.70491087436676;83.429;124;-0.9172242;0.009207461;4
0.705518782138824;83.522;126;-0.9309776;0.007041033;4
0.706240892410278;83.629;128;-0.9427797;0.01430004;4
0.706847429275513;83.722;130;-0.9379252;0.01587325;4
0.707598686218262;83.829;132;-0.9196678;0.01779027;4
0.708234667778015;83.922;133;-0.9005478;0.02344073;4
0.708985030651093;84.029;135;-0.8789843;0.02598544;4
0.709647238254547;84.122;137;-0.8566432;0.02591944;4
0.710425138473511;84.229;139;-0.8232373;0.0330329;4
0.711088716983795;84.322;141;-0.8045164;0.02958925;4
0.711866736412048;84.429;142;-0.7735932;0.03262265;4
0.712559521198273;84.522;143;-0.747477;0.03445278;4
0.713367581367493;84.629;146;-0.7209215;0.0321738;4
0.714060068130493;84.722;146;-0.6990535;0.02781828;4
0.71489691734314;84.829;147;-0.6665531;0.03274805;4
0.71558940410614;84.922;149;-0.650876;0.03068919;4
0.716426253318787;85.029;149;-0.6403534;0.02980764;4
0.717118799686432;85.122;144;-0.6377982;0.02561627;4
0.717897832393646;85.229;141;-0.6314412;0.01591722;4
0.718503713607788;85.322;135;-0.6128064;0.01900217;4
0.719225108623505;85.429;129;-0.583739;0.0163333;4
0.719801962375641;85.522;123;-0.5511125;0.01821461;4
0.720436632633209;85.629;118;-0.5172521;0.01398977;4
0.720984995365143;85.722;113;-0.483797;0.01661687;4
0.721591114997864;85.829;108;-0.4492231;0.01490102;4
0.7220818400383;85.922;106;-0.4231813;0.01169712;4
0.722630321979523;86.029;103;-0.3859758;0.01637064;4
0.723120987415314;86.122;101;-0.3689035;0.01727499;4
0.723669230937958;86.229;98;-0.3393333;0.01186633;4
0.724130809307098;86.322;97;-0.3016323;0.01520194;4
0.724678814411163;86.429;95;-0.2602712;0.01353292;4
0.725140452384949;86.522;94;-0.2231148;0.01159089;4
0.725659966468811;86.629;93;-0.1684883;0.01025475;4
0.726121664047241;86.722;93;-0.122735;0.009875338;4
0.726641058921814;86.829;92;-0.06877187;0.004826195;4
0.727074086666107;86.922;90;-0.01464316;0.002958558;4
0.727593839168549;87.029;89;0.0659935;0.005695491;4
0.728026330471039;87.122;87;0.1336831;0.01043259;4
0.7284876704216;87.229;85;0.208924;0.009313406;4
0.728920578956604;87.322;85;0.2715773;0.01133762;4
0.729382336139679;87.429;83;0.344695;0.01596944;4
0.729786396026611;87.522;82;0.4017907;0.01749834;4
0.730248093605042;87.629;81;0.4627985;0.01719148;4
0.730652272701263;87.722;80;0.518233;0.01654089;4
0.731114208698273;87.829;78;0.5883856;0.0161896;4
0.731517970561981;87.922;78;0.6502313;0.01754965;4
0.731979072093964;88.029;76;0.7207168;0.01394396;4
0.732353866100311;88.122;76;0.7846723;0.01370958;4
0.732815444469452;88.229;76;0.8564228;0.01576494;4
0.733190536499023;88.322;77;0.9165391;0.01682251;4
0.733652532100677;88.429;78;0.9818392;0.0159824;4
0.734027862548828;88.522;78;1.039328;0.01544059;4
0.734490036964417;88.629;79;1.104682;0.0141819;4
0.734894394874573;88.722;80;1.160086;0.01273435;4
0.735384404659271;88.829;81;1.206207;0.01057395;4
0.735816478729248;88.922;83;1.247849;0.009792097;4
0.73630702495575;89.029;85;1.298608;0.008684299;4
0.736739993095398;89.122;87;1.346625;0.006695251;4
0.73725962638855;89.229;88;1.400835;0.003486349;4
0.737721502780914;89.322;89;1.449572;0.0011898;4
0.738269746303558;89.429;91;1.502354;-0.001366075;4
0.738731443881989;89.522;93;1.546612;-0.003478046;4
0.739279270172119;89.629;94;1.599093;-0.006841675;4
0.739769577980042;89.722;96;1.650768;-0.007202091;4
0.740346848964691;89.829;97;1.708983;-0.009617265;4
0.740837454795837;89.922;99;1.756116;-0.01423648;4
0.741414606571198;90.029;99;1.817366;-0.01360407;4
0.741905152797699;90.122;101;1.862587;-0.01884044;4
0.742482244968414;90.229;102;1.923385;-0.0200063;4
0.742972552776337;90.322;103;1.972235;-0.02029489;4
0.743578374385834;90.429;104;2.021619;-0.02484431;4
0.744097948074341;90.522;105;2.069579;-0.02717356;4
0.744675159454346;90.629;107;2.12777;-0.02546465;4
0.745194673538208;90.722;107;2.172184;-0.02548343;4
0.745800673961639;90.829;109;2.21548;-0.02741807;4
0.746348857879639;90.922;110;2.259991;-0.02749736;4
0.746954679489136;91.029;111;2.308949;-0.02449409;4
0.74750292301178;91.122;113;2.342907;-0.0252011;4
0.748137772083282;91.229;115;2.382804;-0.02229444;4
0.748714923858643;91.322;116;2.412211;-0.0227127;4
0.749378621578217;91.429;118;2.442491;-0.01790397;4
0.749955713748932;91.522;120;2.465043;-0.01368442;4
0.750648200511932;91.629;123;2.489678;-0.007291745;4
0.751254141330719;91.722;125;2.506792;-0.005538469;4
0.75197559595108;91.829;127;2.533076;-0.006514433;4
0.752610385417938;91.922;128;2.556813;-0.007420709;4
0.753331780433655;92.029;132;2.585668;-0.008742208;4
0.753966629505157;92.122;133;2.609009;-0.007450566;4
0.754745721817017;92.229;135;2.629919;-0.00854343;4
0.755409359931946;92.322;137;2.640679;-0.01131148;4
0.756188452243805;92.429;140;2.640477;-0.01192363;4
0.7568519115448;92.522;142;2.625043;-0.01483751;4
0.757659912109375;92.629;144;2.594642;-0.01391719;4
0.758381366729736;92.722;145;2.57047;-0.01782772;4
0.759189248085022;92.829;147;2.539258;-0.01309933;4
0.759881854057312;92.922;149;2.518248;-0.01355373;4
0.760718762874603;93.032;151;2.492345;-0.01328168;4
0.761411249637604;93.122;152;2.465897;-0.007034877;4
0.762247979640961;93.229;154;2.439745;-0.007378167;4
0.762969315052032;93.322;154;2.412665;-0.009564117;4
0.76383501291275;93.432;155;2.361716;-0.005762633;4
0.764556348323822;93.522;156;2.324608;-0.007654619;4
0.765421807765961;93.629;154;2.293053;-0.00914811;4
0.766114473342896;93.722;149;2.275373;-0.01427231;4
0.766893625259399;93.832;143;2.251541;-0.0124183;4
0.767528414726257;93.922;139;2.236815;-0.01214063;4
0.7682785987854;94.029;134;2.217169;-0.01021578;4
0.768884718418121;94.122;132;2.197026;-0.01155488;4
0.769577205181122;94.232;128;2.166888;-0.00894688;4
0.770154237747192;94.322;122;2.136704;-0.007897952;4
0.7707599401474;94.429;117;2.088857;-0.001364269;4
0.771279215812683;94.522;112;2.043118;0.005735579;4
0.771885275840759;94.632;108;2.000094;0.008044448;4
0.772345900535584;94.722;106;1.975736;0.006682253;4
0.772892951965332;94.832;102;1.960309;0.007523065;4
0.77335512638092;94.922;98;1.942355;0.008465984;4
0.77384626865387;95.029;94;1.90498;0.005714184;4
0.774279832839966;95.122;90;1.856084;0.007017366;4
0.774684488773346;95.217;87;1.803875;0.005915891;4
0.775175809860229;95.327;84;1.738641;0.001899703;4
0.775551617145538;95.419;82;1.671563;0.002723171;4
0.7759850025177;95.527;80;1.595078;0.00144997;4
0.77636057138443;95.622;79;1.530759;-0.0007214284;4
0.776735305786133;95.717;78;1.464376;-0.0009928119;4
0.777166724205017;95.827;78;1.397027;-0.001783837;4
0.777540922164917;95.922;78;1.346794;-0.003000429;4
0.777945220470428;96.017;78;1.302429;-0.002481352;4
0.778407216072083;96.129;77;1.250866;-0.005765647;4
0.778782427310944;96.224;76;1.19058;-0.008600911;4
0.779157638549805;96.322;75;1.118634;-0.01101918;4
0.779561460018158;96.419;74;1.043289;-0.01161111;4
0.779965162277222;96.517;72;0.9662689;-0.01179048;4
0.780368685722351;96.617;71;0.8864009;-0.009305515;4
0.780771791934967;96.717;70;0.8034644;-0.00563656;4
0.781203746795654;96.832;69;0.7075427;0.001164954;4
0.781578958034515;96.932;68;0.6313964;0.005501916;4
0.781896471977234;97.029;67;0.5594161;0.009369866;4
0.782242894172668;97.129;67;0.488798;0.01051574;4
0.782589554786682;97.227;67;0.4075584;0.01547799;4
0.782936155796051;97.329;68;0.3303146;0.01925007;4
0.783282935619354;97.427;68;0.2616882;0.02002244;4
0.783629775047302;97.522;69;0.1858145;0.01998563;4
0.783976435661316;97.619;70;0.1162649;0.01744353;4
0.784350752830505;97.729;71;0.03241263;0.018986;4
0.784696280956268;97.824;72;-0.03748958;0.0202018;4
0.785070955753326;97.919;74;-0.09888932;0.01516644;4
0.78547477722168;98.029;75;-0.1612983;0.01293474;4
0.785849809646606;98.122;76;-0.2093903;0.01479557;4
0.786225259304047;98.217;78;-0.2515802;0.01615048;4
0.786658465862274;98.327;81;-0.300008;0.01356729;4
0.787062644958496;98.422;83;-0.3512255;0.01109525;4
0.787524580955505;98.529;85;-0.409535;0.01215475;4
0.787928462028503;98.619;87;-0.4480461;0.01273643;4
0.788418769836426;98.727;89;-0.4807281;0.007827577;4
0.788851499557495;98.819;90;-0.51116;0.00681297;4
0.789370954036713;98.927;93;-0.5366607;0.01026237;4
0.789832592010498;99.019;96;-0.5525808;0.007074635;4
0.790351986885071;99.127;98;-0.5877098;0.009559132;4
0.790842652320862;99.219;101;-0.6135904;0.009678019;4
0.791362166404724;99.314;103;-0.6412574;0.006927731;4
0.791939318180084;99.422;105;-0.6755859;0.005838811;4
0.792429804801941;99.514;108;-0.697017;0.004585104;4
0.793035686016083;99.622;111;-0.7034142;0.004621258;4
0.793583869934082;99.717;114;-0.6967842;0.006480797;4
0.794218599796295;99.822;116;-0.686038;0.00424641;4
0.79476672410965;99.914;118;-0.679474;0.005869964;4
0.795459270477295;100.022;119;-0.6737211;0.003763544;4
0.796036422252655;100.117;121;-0.668734;0.004756361;4
0.796728909015656;100.224;123;-0.6642967;0.008434185;4
0.797334909439087;100.317;125;-0.6614727;0.006552824;4
0.798027455806732;100.424;127;-0.6567416;0.00345045;4
0.798662185668945;100.517;130;-0.6523808;0.006156953;4
0.799383580684662;100.624;132;-0.6482494;0.009144868;4
0.80001837015152;100.717;133;-0.6454062;0.004734471;4
0.800797462463379;100.824;135;-0.6407713;0.007230964;4
0.801432371139526;100.917;137;-0.6397583;0.007047552;4
0.802211344242096;101.024;139;-0.6415428;0.006453229;4
0.802903890609741;101.117;141;-0.6441169;0.006866284;4
0.8036829829216;101.224;143;-0.6449116;0.007641808;4
0.804404318332672;101.317;145;-0.6446038;0.007327556;4
0.805212378501892;101.424;146;-0.6420993;0.01172829;4
0.805933713912964;101.517;148;-0.6349463;0.0133926;4
0.806799352169037;101.624;150;-0.6191018;0.01619767;4
0.80754953622818;101.717;152;-0.5991756;0.01736056;4
0.808386385440826;101.824;153;-0.5708322;0.01959448;4
0.809136688709259;101.917;154;-0.5424436;0.02062389;4
0.809973478317261;102.024;154;-0.5096077;0.01670499;4
0.810723721981049;102.117;155;-0.4741157;0.02266037;4
0.811589360237122;102.224;156;-0.4430589;0.01946872;4
0.812339544296265;102.317;157;-0.4119214;0.02249806;4
0.813234031200409;102.424;159;-0.3818401;0.01831371;4
0.813984155654907;102.517;160;-0.3517011;0.0187266;4
0.814878702163696;102.624;161;-0.3200139;0.01635602;4
0.815629065036774;102.717;162;-0.2909982;0.01479228;4
0.816523611545563;102.824;163;-0.2597827;0.01114457;4
0.817302703857422;102.917;164;-0.230348;0.008821844;4
0.818226039409637;103.024;166;-0.1875194;0.0122912;4
0.819005131721497;103.117;167;-0.1569062;0.01142832;4
0.819928526878357;103.224;168;-0.1170631;0.01331753;4
0.820736467838287;103.317;169;-0.08383278;0.01377739;4
0.821659862995148;103.424;169;-0.0383098;0.02098135;4
0.822467684745789;103.517;169;-0.006644393;0.01997106;4
0.823362231254578;103.624;168;0.03414041;0.01884281;4
0.824170231819153;103.717;167;0.07825875;0.02112708;4
0.825064837932587;103.824;165;0.126518;0.02095843;4
0.825843870639801;103.917;164;0.1625004;0.01909973;4
0.826738297939301;104.024;163;0.2059087;0.01919205;4
0.827488601207733;104.117;162;0.2382565;0.01761164;4
0.828354299068451;104.224;161;0.2743995;0.01535827;4
0.829104602336884;104.317;159;0.3077028;0.01629813;4
0.829970121383667;104.424;158;0.3454958;0.01472921;4
0.830691516399384;104.517;157;0.3792348;0.01331015;4
0.831557154655457;104.624;155;0.422842;0.01353105;4
0.832278490066528;104.717;155;0.45785;0.01006085;4
0.833086431026459;104.824;153;0.5010804;0.01104838;4
0.833807706832886;104.917;152;0.5411654;0.009745444;4
0.834644615650177;105.024;151;0.5837839;0.008868651;4
0.835337281227112;105.117;150;0.62422;0.01383755;4
0.836174130439758;105.224;150;0.660958;0.0152214;4
0.836866617202759;105.317;151;0.6928104;0.01852282;4
0.837703347206116;105.424;152;0.7266255;0.01766949;4
0.838453531265259;105.517;152;0.7640671;0.0206124;4
0.839290320873261;105.624;153;0.8085465;0.0212965;4
0.840040564537048;105.717;154;0.8501917;0.02224082;4
0.840877234935761;105.824;155;0.8913317;0.02176422;4
0.841598570346832;105.917;156;0.9248787;0.02039178;4
0.842464327812195;106.024;157;0.96045;0.01646067;4
0.843185842037201;106.117;157;0.9971449;0.01491429;4
0.84408038854599;106.227;158;1.032271;0.01154111;4
0.844830453395844;106.317;159;1.068513;0.01146891;4
0.845696091651917;106.424;160;1.106686;0.008956682;4
0.846446394920349;106.517;162;1.133384;0.00486618;4
0.847341060638428;106.624;163;1.166229;0.005402443;4
0.848120152950287;106.717;164;1.192741;0.001495574;4
0.849043488502502;106.824;165;1.229039;-0.001206124;4
0.849851429462433;106.917;166;1.262817;-0.003250785;4
0.850774765014648;107.024;167;1.305654;-0.002813615;4
0.851582646369934;107.117;168;1.333666;-0.00903938;4
0.852505922317505;107.224;169;1.373639;-0.008608706;4
0.853342771530151;107.317;170;1.403408;-0.01164226;4
0.854266166687012;107.424;170;1.438744;-0.01270807;4
0.855102956295013;107.519;171;1.470947;-0.01220487;4
0.856054961681366;107.624;172;1.503219;-0.01250742;4
0.856863081455231;107.717;173;1.535856;-0.01290619;4
0.857815444469452;107.824;174;1.572375;-0.01321853;4
0.858652353286743;107.917;175;1.606067;-0.013324;4
0.859633386135101;108.024;176;1.64128;-0.0160991;4
0.860499024391174;108.117;176;1.672389;-0.01878942;4
0.861479997634888;108.224;177;1.710749;-0.01987647;4
0.862345576286316;108.317;178;1.741693;-0.02155413;4
0.863355398178101;108.424;179;1.776488;-0.02247219;4
0.864221036434174;108.517;180;1.804819;-0.02586609;4
0.865231156349182;108.624;181;1.839725;-0.02687658;4
0.866125822067261;108.717;182;1.868592;-0.02949037;4
0.86713582277298;108.824;183;1.904723;-0.03056014;4
0.868030190467834;108.917;183;1.934079;-0.03234769;4
0.869068801403046;109.024;184;1.96871;-0.03372415;4
0.869963228702545;109.117;185;1.994629;-0.03632081;4
0.871001899242401;109.224;185;2.023319;-0.03857899;4
0.871867716312408;109.317;186;2.053515;-0.03680711;4
0.872906684875488;109.424;187;2.088635;-0.03790185;4
0.873801350593567;109.517;188;2.124774;-0.03688368;4
0.874840199947357;109.624;188;2.164294;-0.04185376;4
0.875734567642212;109.717;189;2.192641;-0.04828419;4
0.87680196762085;109.827;189;2.231986;-0.04324887;4
0.877667546272278;109.917;190;2.252872;-0.03883929;4
0.878735065460205;110.027;191;2.266273;-0.04108794;4
0.879629671573639;110.117;191;2.299711;-0.03544117;4
0.88069748878479;110.227;192;2.34924;-0.03272763;4
0.88162088394165;110.319;192;2.390759;-0.02759041;4
0.882717311382294;110.427;193;2.423088;-0.0298683;4
0.883611798286438;110.517;194;2.450382;-0.02995297;4
0.884737312793732;110.627;195;2.486931;-0.02767493;4
0.885689496994019;110.719;195;2.518248;-0.02719271;4
0.886785924434662;110.827;196;2.556036;-0.02615702;4
0.887738168239594;110.919;196;2.587393;-0.02440398;4
0.888834655284882;111.024;197;2.61878;-0.02088771;4
0.889786839485168;111.117;198;2.638705;-0.01924579;4
0.890941083431244;111.227;199;2.650977;-0.01332812;4
0.891864418983459;111.317;200;2.644098;-0.01197372;4
0.892989754676819;111.427;201;2.619656;-0.008266713;4
0.89394199848175;111.519;202;2.592129;-0.004751745;4
0.895067274570465;111.627;203;2.561164;-0.005384862;4
0.896019458770752;111.719;203;2.542441;-0.004257642;4
0.897144794464111;111.827;204;2.515904;-0.0008937052;4
0.898097038269043;111.919;205;2.490876;-0.002075703;4
0.899222433567047;112.027;206;2.483631;-0.001734847;4
0.900174736976624;112.117;204;2.486631;4.360918E-05;4
0.901271104812622;112.227;197;2.486965;-0.005776741;4
0.902194559574127;112.319;194;2.485101;-0.005326718;4
0.903175532817841;112.424;187;2.46793;-0.005168176;4
0.904012262821198;112.517;180;2.448902;-0.002849043;4
0.904964566230774;112.627;174;2.428041;-0.001435858;4
0.905772387981415;112.719;167;2.406765;0.0008449085;4
0.906638085842133;112.827;161;2.383625;0.001613966;4
0.90738844871521;112.919;158;2.356725;0.002561073;4
0.908225297927856;113.027;152;2.322787;0.0007935987;4
0.908888876438141;113.117;147;2.290667;-0.0003622374;4
0.909696757793427;113.227;143;2.245953;0.0008273999;4
0.910331666469574;113.317;141;2.202623;0.0001549332;4
0.911110758781433;113.424;140;2.15146;-0.0001231555;4
0.911803364753723;113.517;140;2.119042;-0.008006982;4
0.912582516670227;113.627;139;2.070418;-0.005691366;4
0.913246035575867;113.717;139;2.051859;-0.01077556;4
0.914025127887726;113.827;139;2.038613;-0.009604797;4
0.914688766002655;113.919;139;2.032807;-0.01605768;4
0.915439069271088;114.024;138;1.998546;-0.0191883;4
0.916102707386017;114.117;137;1.955474;-0.02035055;4
0.916881680488586;114.227;136;1.894613;-0.02467681;4
0.917516469955444;114.319;135;1.837918;-0.02013327;4
0.918266773223877;114.427;135;1.78994;-0.02844595;4
0.918872833251953;114.517;134;1.752816;-0.03401289;4
0.919623196125031;114.627;133;1.69818;-0.02864458;4
0.920257806777954;114.719;132;1.652291;-0.02304739;4
0.920979082584381;114.827;133;1.613459;-0.02056452;4
0.921585023403168;114.917;133;1.595009;-0.02553718;4
0.922364294528961;115.027;135;1.564083;-0.02746236;4
0.922970175743103;115.117;137;1.533479;-0.02868013;4
0.923778057098389;115.227;139;1.493069;-0.0321838;4
0.924412846565247;115.317;141;1.460146;-0.03457705;4
0.925220787525177;115.427;142;1.414176;-0.03788374;4
0.925884485244751;115.519;144;1.375933;-0.03660075;4
0.92666357755661;115.624;145;1.338983;-0.03991468;4
0.927384972572327;115.717;147;1.308313;-0.03815346;4
0.928192913532257;115.827;148;1.277822;-0.03618792;4
0.928914308547974;115.919;149;1.260532;-0.03878946;4
0.929722309112549;116.027;151;1.235403;-0.03576236;4
0.930443644523621;116.117;152;1.215371;-0.03583323;4
0.931309282779694;116.227;154;1.187542;-0.03351293;4
0.932001829147339;116.317;154;1.168055;-0.03231212;4
0.932896316051483;116.427;156;1.148183;-0.03148304;4
0.9336177110672;116.517;157;1.136653;-0.03120323;4
0.934512197971344;116.624;158;1.126794;-0.02770639;4
0.935262441635132;116.717;160;1.122303;-0.02649175;4
0.936156928539276;116.824;161;1.118875;-0.02604438;4
0.936964869499207;116.919;162;1.112925;-0.02405806;4
0.93785947561264;117.027;163;1.102865;-0.02224281;4
0.938668429851532;117.119;165;1.097489;-0.02061231;4
0.939591467380524;117.227;166;1.0898;-0.01890034;4
0.940369486808777;117.317;168;1.0836;-0.01726596;4
0.94134920835495;117.427;169;1.079689;-0.01546281;4
0.94212681055069;117.517;170;1.081928;-0.01496811;4
0.943079173564911;117.624;172;1.09123;-0.01136274;4
0.943917572498322;117.717;173;1.102646;-0.008638795;4
0.944927632808685;117.827;174;1.114704;-0.006495277;4
0.945736289024353;117.917;176;1.121591;-0.004442477;4
0.946718275547028;118.024;177;1.130957;-0.0008449155;4
0.947584509849548;118.117;178;1.137789;-0.001471365;4
0.948592960834503;118.227;180;1.144979;0.00360931;4
0.949429333209991;118.317;180;1.152495;0.00258589;4
0.950440466403961;118.424;182;1.165541;0.0072581;4
0.951335787773132;118.519;183;1.176656;0.009092061;4
0.95234614610672;118.627;184;1.183457;0.01231833;4
0.953183174133301;118.717;185;1.179683;0.01253384;4
0.95419442653656;118.824;185;1.163364;0.01488059;4
0.955087721347809;118.919;186;1.148493;0.01435941;4
0.956096470355988;119.027;186;1.146919;0.02068184;4
0.956960618495941;119.119;184;1.152079;0.01588821;4
0.957941353321075;119.227;178;1.151411;0.01450054;4
0.958721578121185;119.317;172;1.143979;0.013631;4
0.959644913673401;119.427;165;1.129675;0.01622624;4
0.960395216941834;119.517;161;1.117324;0.01486546;4
0.961261034011841;119.627;153;1.09417;0.02344613;4
0.961953461170197;119.719;149;1.078637;0.01889688;4
0.962732493877411;119.827;143;1.041375;0.02186932;4
0.96339613199234;119.919;138;1.011851;0.02097983;4
0.964117467403412;120.027;132;0.9804788;0.01995862;4
0.964694380760193;120.117;126;0.9486729;0.02264908;4
0.965357959270477;120.227;122;0.9137653;0.02276158;4
0.965935051441193;120.319;119;0.8890928;0.01975139;4
0.966541349887848;120.427;114;0.8450531;0.01993097;4
0.967061102390289;120.519;110;0.7961667;0.02205724;4
0.967638671398163;120.627;106;0.7549605;0.0142316;4
0.968100070953369;120.719;102;0.7145966;0.01743045;4
0.968647956848145;120.827;98;0.680761;0.01436263;4
0.969080448150635;120.919;96;0.6546181;0.01219738;4
0.969570696353912;121.027;91;0.6130623;0.01959816;4
0.969974875450134;121.119;87;0.5752726;0.0239213;4
0.970407903194427;121.227;83;0.5218567;0.02656107;4
0.970754265785217;121.317;80;0.4667139;0.03039892;4
0.971187174320221;121.427;76;0.3938724;0.03473274;4
0.971504688262939;121.517;74;0.3353061;0.0357653;4
0.971908748149872;121.627;72;0.2583861;0.03638436;4
0.972226202487946;121.717;71;0.1930651;0.03579177;4
0.972601056098938;121.827;70;0.1117433;0.03556532;4
0.972918152809143;121.919;69;0.04642633;0.03693519;4
0.973292946815491;122.027;70;-0.02709226;0.03689669;4
0.973610281944275;122.117;71;-0.08785633;0.0357608;4
0.973985373973846;122.227;73;-0.1584811;0.03200805;4
0.974331676959991;122.319;73;-0.2207296;0.03341421;4
0.974735915660858;122.427;75;-0.2906396;0.03340536;4
0.975082337856293;122.519;76;-0.3472984;0.02995291;4
0.97551554441452;122.627;77;-0.4106834;0.02954013;4
0.975862145423889;122.719;79;-0.4563569;0.02911776;4
0.976323485374451;122.827;81;-0.5078795;0.02740811;4
0.976698040962219;122.919;83;-0.5501197;0.02691061;4
0.977159440517426;123.027;85;-0.5861047;0.0270637;4
0.977563381195068;123.119;87;-0.610286;0.02644657;4
0.978053987026215;123.227;90;-0.6423051;0.02145341;4
0.978486955165863;123.319;92;-0.6825547;0.02116509;4
0.97900652885437;123.427;95;-0.7185767;0.01815815;4
0.979468286037445;123.519;97;-0.7519411;0.01540147;4
0.98001617193222;123.624;100;-0.7872429;0.01384528;4
0.980506181716919;123.719;101;-0.8177679;0.01399414;4
0.981054723262787;123.827;104;-0.8518417;0.01086498;4
0.981574594974518;123.919;106;-0.885056;0.009452428;4
0.982152044773102;124.027;109;-0.9117575;0.006561041;4
0.982671916484833;124.117;111;-0.9300535;0.002071405;4
0.983307719230652;124.227;114;-0.9538702;0.004760895;4
0.983883857727051;124.319;115;-0.9594226;0.005339901;4
0.984517753124237;124.427;117;-0.9553614;0.002422454;4
0.985066115856171;124.519;118;-0.9515426;0.000446559;4
0.985728561878204;124.627;120;-0.9456521;0.003984563;4
0.986304700374603;124.719;122;-0.942917;0.003599955;4
0.986997306346893;124.827;124;-0.9428699;0.002515561;4
0.987603604793549;124.919;127;-0.9434777;0.003637719;4
0.988324999809265;125.027;129;-0.9426031;0.003160468;4
0.988930642604828;125.119;130;-0.9414667;0.002890269;4
0.989680826663971;125.227;132;-0.9401605;0.004684463;4
0.990287721157074;125.317;134;-0.9387354;0.003504204;4
0.991067171096802;125.427;136;-0.9375517;0.002949488;4
0.991729438304901;125.519;138;-0.9364461;0.00431656;4
0.992509961128235;125.627;140;-0.9356633;0.004143404;4
0.993171453475952;125.717;141;-0.9355895;0.003833354;4
0.993979036808014;125.827;143;-0.9355682;0.004432148;4
0.994673132896423;125.919;145;-0.9352094;0.004753156;4
0.995510876178741;126.027;147;-0.9322034;0.004240877;4
0.996202945709229;126.119;149;-0.9336458;0.003795618;4
0.997040212154388;126.227;151;-0.9378917;0.004243383;4
0.997762143611908;126.319;153;-0.9442188;0.003504287;4
0.998628199100494;126.427;154;-0.9523527;0.002386172;4
0.999350011348724;126.517;154;-0.9551103;0.00347848;4
1;126.627;155;-0.9562523;0.0002719555;4