0.00351600674912333;0.153;240;1.615258;0.007802832;2
0.00499453395605087;0.26;241;1.621225;0.004786814;2
0.00624885363504291;0.353;241;1.628792;0.003691259;2
0.00775476638227701;0.46;242;1.640023;0.00319064;2
0.00904084742069244;0.553;242;1.65196;0.004663277;2
0.0105510046705604;0.66;242;1.665995;0.00709128;2
0.0118353171274066;0.753;243;1.674043;0.003601702;2
0.0133421681821346;0.86;243;1.683631;0.006000727;2
0.0146562494337559;0.953;244;1.686813;0.009413366;2
0.0161689855158329;1.06;244;1.68937;0.009897547;2
0.0174540877342224;1.153;245;1.693687;0.00997863;2
0.0189654566347599;1.26;245;1.698335;0.008861867;2
0.020251514390111;1.353;246;1.700145;0.008827321;2
0.0217593051493168;1.46;246;1.702303;0.007934725;2
0.0230441018939018;1.553;245;1.705136;0.009160605;2
0.0245216209441423;1.66;246;1.707711;0.008536696;2
0.0257743783295155;1.753;246;1.707788;0.009659719;2
0.0272839572280645;1.86;247;1.707805;0.01218615;2
0.0285685155540705;1.953;247;1.708436;0.01070697;2
0.0300778970122337;2.06;247;1.708957;0.0129498;2
0.031394612044096;2.153;248;1.708676;0.008363742;2
0.0329040251672268;2.26;248;1.7083;0.01427244;2
0.0342191122472286;2.353;249;1.708447;0.01117569;2
0.0357298143208027;2.46;249;1.708486;0.01111786;2
0.0370474569499493;2.553;249;1.708403;0.008188648;2
0.0385899804532528;2.66;250;1.707371;0.008411055;2
0.0399058423936367;2.753;250;1.70592;0.007632172;2
0.0414464585483074;2.86;250;1.705448;0.008426144;2
0.0427958555519581;2.953;251;1.705152;0.007605603;2
0.0443378165364265;3.06;251;1.703647;0.006214499;2
0.0456549525260925;3.153;251;1.702117;0.005887067;2
0.0471964068710804;3.26;252;1.700303;0.008336341;2
0.0485452748835087;3.353;252;1.698934;0.009033538;2
0.0501509979367256;3.46;252;1.697235;0.008621051;2
0.0514998361468315;3.553;253;1.693968;0.01063806;2
0.0531056374311447;3.66;253;1.689264;0.005742304;2
0.054486695677042;3.753;254;1.681975;0.00688787;2
0.0560606196522713;3.86;254;1.677278;0.005569045;2
0.0574417039752007;3.953;254;1.672195;0.009161862;2
0.059015691280365;4.06;254;1.668267;0.009036032;2
0.0603645592927933;4.153;255;1.663856;0.006576306;2
0.0619381330907345;4.26;255;1.657517;0.01116587;2
0.0632868632674217;4.353;256;1.655265;0.008407315;2
0.064860463142395;4.46;256;1.650866;0.007082266;2
0.0661772564053535;4.553;256;1.646992;0.009266999;2
0.0677191242575645;4.66;256;1.643065;0.01111073;2
0.0690359100699425;4.753;257;1.637805;0.01281991;2
0.0706098526716232;4.86;257;1.631374;0.01239224;2
0.0719267576932907;4.953;257;1.626732;0.009740507;2
0.0735003501176834;5.06;258;1.621303;0.006298691;2
0.0748492777347565;5.153;258;1.614442;0.00753244;2
0.0764230638742447;5.26;258;1.607728;0.008450502;2
0.0778041705489159;5.353;258;1.599517;0.009131279;2
0.0793780609965324;5.46;259;1.587995;0.003588495;2
0.0807588919997215;5.553;259;1.566622;0.005726143;2
0.0823324173688889;5.66;259;1.541621;0.006709076;2
0.0837132856249809;5.753;259;1.522219;0.00649636;2
0.0852872282266617;5.86;260;1.500834;0.007429216;2
0.086667999625206;5.953;260;1.49097;0.002685556;2
0.0882741957902908;6.06;260;1.479326;0.004326541;2
0.089623287320137;6.153;260;1.475927;0.004793242;2
0.0912295803427696;6.26;261;1.470996;0.00322659;2
0.0926101133227348;6.353;261;1.460655;0.002176692;2
0.0942160710692406;6.46;261;1.448186;0.001567429;2
0.0955969542264938;6.553;261;1.439242;0.004809252;2
0.0972025692462921;6.66;262;1.438047;0.003520927;2
0.0985837876796722;6.753;262;1.443841;0.00412532;2
0.100221768021584;6.86;262;1.449507;0.002673838;2
0.10160281509161;6.953;263;1.452433;0.001925498;2
0.103272907435894;7.063;263;1.455501;0.006425221;2
0.104621782898903;7.153;263;1.457162;0.004834517;2
0.106291957199574;7.26;263;1.455578;0.003214013;2
0.107737220823765;7.353;264;1.449733;0.001739869;2
0.109375230967999;7.46;264;1.440406;0.003375161;2
0.11082062125206;7.553;264;1.435182;0.002398123;2
0.112458519637585;7.66;264;1.428238;0.00277021;2
0.113903716206551;7.753;265;1.420815;0.001677747;2
0.11554167419672;7.86;265;1.409478;0.00348608;2
0.116954810917377;7.953;265;1.40186;0.0004375577;2
0.118560701608658;8.06;264;1.395869;0.001846705;2
0.119877524673939;8.153;258;1.392658;-0.008228874;2
0.121322765946388;8.26;250;1.384228;-0.01029753;2
0.122543282806873;8.353;242;1.380777;-0.01172197;2
0.123923443257809;8.46;234;1.376079;-0.01135225;2
0.125080108642578;8.553;230;1.366358;-0.007215667;2
0.126430362462997;8.66;224;1.357367;-0.01253052;2
0.127555325627327;8.753;216;1.349116;-0.01099052;2
0.128840774297714;8.86;209;1.340414;-0.01281275;2
0.129869878292084;8.953;202;1.329438;-0.01160108;2
0.13105633854866;9.06;195;1.318087;-0.01179612;2
0.132050514221191;9.153;188;1.309789;-0.0126917;2
0.133140623569489;9.26;181;1.29602;-0.01206484;2
0.134039804339409;9.353;178;1.283626;-0.01324962;2
0.135068938136101;9.46;171;1.26297;-0.01257283;2
0.135903999209404;9.553;165;1.244876;-0.01282721;2
0.13683545589447;9.66;158;1.218173;-0.01229533;2
0.137638255953789;9.753;153;1.195086;-0.01156118;2
0.138537347316742;9.86;147;1.170314;-0.01422858;2
0.139244049787521;9.953;144;1.15063;-0.01343073;2
0.140079438686371;10.06;136;1.126504;-0.01480371;2
0.140754267573357;10.153;133;1.100728;-0.01477341;2
0.141524761915207;10.26;128;1.070778;-0.01458469;2
0.142167091369629;10.353;123;1.040078;-0.01534994;2
0.142873927950859;10.46;118;1.00908;-0.01795628;2
0.143451809883118;10.553;116;0.9734225;-0.01688449;2
0.144093960523605;10.66;110;0.9282404;-0.01612893;2
0.144639849662781;10.753;109;0.8812097;-0.01286877;2
0.145281970500946;10.86;107;0.8235085;-0.01130359;2
0.145827665925026;10.953;106;0.7704651;-0.008445149;2
0.146438106894493;11.06;104;0.7125439;-0.0065609;2
0.14698438346386;11.153;103;0.6676701;-0.005544471;2
0.147594287991524;11.26;103;0.6101578;-0.001288932;2
0.148140117526054;11.353;103;0.5698525;-0.001065086;2
0.14875054359436;11.46;104;0.5174134;0.002126988;2
0.149328678846359;11.553;106;0.4738513;0.0003907764;2
0.149970918893814;11.66;107;0.4277531;0.001059087;2
0.150549024343491;11.753;108;0.3918255;0.002723424;2
0.151255711913109;11.86;110;0.3632237;-0.0009213774;2
0.151834085583687;11.953;112;0.3403175;0.0005796325;2
0.152572900056839;12.06;115;0.3212699;0.0004710397;2
0.153183132410049;12.153;116;0.3100164;0.0004666555;2
0.153954535722733;12.26;118;0.3136483;-0.003223035;2
0.15459717810154;12.353;120;0.3415553;-0.003445738;2
0.15536804497242;12.46;122;0.3840216;-0.002325725;2
0.156041979789734;12.553;124;0.4358941;0.00120254;2
0.156812459230423;12.66;124;0.4949387;-0.001185389;2
0.15748655796051;12.753;125;0.5362023;-0.0005636868;2
0.158256649971008;12.86;125;0.5809698;-0.005448033;2
0.158931285142899;12.953;125;0.6186535;-0.001442867;2
0.159702211618423;13.06;125;0.6614425;-0.004680963;2
0.160376727581024;13.153;126;0.707398;0.00394036;2
0.161180078983307;13.26;127;0.7454513;0.003991636;2
0.161854848265648;13.353;128;0.7814092;0.005891919;2
0.162657931447029;13.46;129;0.8209035;0.007802788;2
0.163364291191101;13.553;131;0.8503658;0.005682656;2
0.164231494069099;13.66;133;0.8928023;0.005638573;2
0.164938002824783;13.753;135;0.9349071;0.008814652;2
0.165805086493492;13.86;137;0.9727831;0.009762382;2
0.166543826460838;13.953;139;1.005012;0.01169068;2
0.16741093993187;14.06;139;1.038029;0.01056979;2
0.168149620294571;14.153;140;1.060189;0.003861745;2
0.169016748666763;14.26;142;1.094712;0.005525916;2
0.169755399227142;14.353;143;1.124854;0.008429897;2
0.170654684305191;14.46;145;1.153027;0.009339308;2
0.171425476670265;14.553;146;1.173066;0.008641007;2
0.172356903553009;14.66;149;1.168571;0.01162514;2
0.173159778118134;14.753;149;1.151995;0.003730841;2
0.174091070890427;14.86;151;1.108711;0.009701291;2
0.174893900752068;14.953;153;1.086246;0.00629347;2
0.175889134407043;15.06;155;1.050691;0.008423732;2
0.176724404096603;15.153;156;1.032226;0.008559278;2
0.177720427513123;15.26;158;1.011964;0.008505324;2
0.178587973117828;15.353;159;0.9916562;0.006037744;2
0.179584145545959;15.46;161;0.9650303;0.002448147;2
0.180450975894928;15.553;162;0.9315954;0.001738576;2
0.181478470563889;15.66;163;0.8883141;0.006871194;2
0.182377755641937;15.753;165;0.8583876;0.004741271;2
0.183405444025993;15.86;166;0.8193561;0.003723289;2
0.184304714202881;15.953;167;0.7864105;0.00458614;2
0.185364499688148;16.06;168;0.747815;0.003322904;2
0.186263740062714;16.153;168;0.7122712;0.007601236;2
0.187323302030563;16.26;170;0.6904926;0.001757737;2
0.18825452029705;16.353;171;0.6637757;0.003611324;2
0.189314246177673;16.46;172;0.6360571;0.004573998;2
0.190213829278946;16.553;173;0.6101277;0.007947006;2
0.19124199450016;16.66;174;0.5851442;0.007231736;2
0.192173883318901;16.753;175;0.5637026;0.008065438;2
0.193233296275139;16.86;176;0.5390027;0.009313199;2
0.194164678454399;16.953;177;0.5199583;0.007648807;2
0.195256218314171;17.06;178;0.500662;0.00895233;2
0.196187511086464;17.153;180;0.4868239;0.007385734;2
0.197314113378525;17.26;181;0.4704724;0.007324916;2
0.198242470622063;17.353;181;0.4588487;0.002845309;2
0.199363842606544;17.46;183;0.4349235;0.001910997;2
0.20032687485218;17.553;184;0.4154681;-5.340809E-05;2
0.201477944850922;17.66;185;0.3858067;0.004789054;2
0.202448517084122;17.753;186;0.3669519;0.001020052;2
0.203603759407997;17.86;187;0.3415549;0.000639766;2
0.204567298293114;17.953;188;0.3169793;0.005331286;2
0.20575737953186;18.06;188;0.3003812;0.003298738;2
0.206754475831985;18.153;189;0.2853105;0.0007687542;2
0.207911550998688;18.26;190;0.2727647;0.0007083933;2
0.20893894135952;18.353;191;0.2762001;0.007428247;2
0.210158854722977;18.46;193;0.2822639;0.005158231;2
0.211186602711678;18.553;194;0.2846926;0.003668365;2
0.212439194321632;18.66;195;0.289571;0.005466182;2
0.213499054312706;18.753;196;0.2965855;0.006238402;2
0.214751645922661;18.86;197;0.30581;0.006079541;2
0.215811491012573;18.953;198;0.3131396;0.004310464;2
0.217031970620155;19.06;199;0.3221161;0.005127958;2
0.21809184551239;19.153;200;0.3289134;0.006590652;2
0.219344407320023;19.26;201;0.3348771;0.004939723;2
0.220404267311096;19.353;202;0.340765;0.00552025;2
0.22165684401989;19.46;203;0.3469046;0.003504572;2
0.222716644406319;19.553;204;0.353414;0.005140718;2
0.22396919131279;19.66;205;0.3592164;0.002459029;2
0.225061148405075;19.753;206;0.3654596;0.00355682;2
0.22634582221508;19.86;207;0.3696009;0.00589218;2
0.227469965815544;19.953;208;0.3712068;0.005431229;2
0.228754714131355;20.06;209;0.3722254;0.00546373;2
0.229846641421318;20.153;209;0.3724271;0.00247495;2
0.231163486838341;20.26;210;0.3728135;0.00620345;2
0.232287660241127;20.353;211;0.3731878;0.001493528;2
0.233572378754616;20.46;212;0.372997;0.004674251;2
0.23469652235508;20.553;213;0.3728831;0.002079845;2
0.236013293266296;20.66;214;0.3716443;0.005564529;2
0.237169429659843;20.753;214;0.3667074;0.0003872148;2
0.238486245274544;20.86;215;0.3499265;0.006846426;2
0.239642545580864;20.953;216;0.3380965;0.001112869;2
0.24099138379097;21.06;217;0.3251492;0.005482635;2
0.242147624492645;21.153;217;0.325022;0.004450742;2
0.243495404720306;21.26;217;0.3338577;0.004050263;2
0.24465149641037;21.353;218;0.3417381;0.008145262;2
0.246001362800598;21.46;219;0.345409;-0.0001692679;2
0.247158229351044;21.553;219;0.3494926;0.005381434;2
0.248507186770439;21.66;220;0.354695;0.004979644;2
0.249633058905602;21.753;221;0.3619095;0.00706582;2
0.250983625650406;21.86;222;0.3708616;0.003285419;2
0.252138555049896;21.953;223;0.3767696;0.005461621;2
0.253487050533295;22.06;223;0.3804061;0.004788817;2
0.254675179719925;22.153;224;0.3821762;0.005030286;2
0.256056129932404;22.26;224;0.3791558;0.005763474;2
0.257245302200317;22.353;225;0.3708613;0.004127793;2
0.258659064769745;22.46;226;0.3546607;0.004728128;2
0.259878873825073;22.553;227;0.339288;0.003669989;2
0.261321276426315;22.66;227;0.3144202;0.005224219;2
0.262541204690933;22.753;227;0.2931699;0.0001014462;2
0.263922929763794;22.86;221;0.2668057;0.001119626;2
0.265047192573547;22.953;218;0.2600685;-0.006384314;2
0.266332179307938;23.06;211;0.2508788;-0.009373054;2
0.267392098903656;23.153;203;0.2356649;-0.01086573;2
0.268547981977463;23.26;197;0.2038955;-0.008215668;2
0.269575744867325;23.353;193;0.172826;-0.009642832;2
0.270731657743454;23.46;192;0.1167259;-0.001441848;2
0.271759331226349;23.553;191;0.08459595;-0.0007722259;2
0.272883802652359;23.66;190;0.0528283;-0.004374766;2
0.273879617452621;23.753;188;0.01925585;0.0007001419;2
0.275004059076309;23.86;186;-0.008464031;0.003088388;2
0.275967478752136;23.953;185;-0.04282437;0.008519296;2
0.277090966701508;24.06;184;-0.0713537;0.002343454;2
0.278054356575012;24.153;183;-0.1020692;-0.00231028;2
0.279177457094193;24.26;181;-0.1508463;0.006170535;2
0.280108958482742;24.353;180;-0.1794746;0.005051075;2
0.281201899051666;24.46;176;-0.2139406;0.0005616778;2
0.282101720571518;24.553;171;-0.2301229;-0.00294723;2
0.283098071813583;24.66;164;-0.2337318;-0.005431708;2
0.283933281898499;24.753;157;-0.2273217;-0.003473162;2
0.284863740205765;24.86;154;-0.2126123;-0.004164487;2
0.28563466668129;24.953;147;-0.1972881;-0.006208941;2
0.286469489336014;25.06;141;-0.1758906;-0.008074229;2
0.287207931280136;25.153;136;-0.151761;-0.007578721;2
0.28797858953476;25.26;131;-0.1147209;-0.007758141;2
0.28865310549736;25.353;127;-0.06773812;-0.003730111;2
0.289424061775208;25.46;123;-0.02419192;-0.006035159;2
0.290066540241241;25.553;122;0.02345945;-0.003896041;2
0.290773212909698;25.66;120;0.08521946;0.0006575531;2
0.291383415460587;25.753;118;0.138301;0.004122865;2
0.292089819908142;25.86;116;0.1949639;0.003180155;2
0.292699575424194;25.953;115;0.2354458;0.003373718;2
0.293374091386795;26.06;114;0.2815825;0.0008536371;2
0.293984562158585;26.153;114;0.3235894;0.004965685;2
0.294691205024719;26.26;114;0.3556534;0.007192228;2
0.295269429683685;26.353;114;0.3853184;0.00859601;2
0.295944094657898;26.46;115;0.4270821;0.009385403;2
0.296554148197174;26.553;116;0.4750164;0.01431118;2
0.297292679548264;26.66;118;0.5258662;0.01334391;2
0.297902911901474;26.753;119;0.5737364;0.01079337;2
0.298641622066498;26.86;121;0.63219;0.01180662;2
0.299284011125565;26.953;122;0.6701511;0.007548674;2
0.3000228703022;27.06;123;0.7239324;0.008605395;2
0.300665140151978;27.153;124;0.7587813;0.005507871;2
0.301435887813568;27.26;125;0.7862517;0.004261679;2
0.302110373973846;27.353;126;0.8241261;0.01366683;2
0.302881091833115;27.46;127;0.8361394;0.007409974;2
0.303555518388748;27.553;129;0.8586622;0.005097886;2
0.30439081788063;27.66;131;0.8979771;0.008668226;2
0.305130451917648;27.753;132;0.9183759;0.01201631;2
0.30596461892128;27.86;134;0.9308026;0.007282719;2
0.306702882051468;27.953;136;0.9429907;0.01167111;2
0.307569265365601;28.06;138;0.9537209;0.01309628;2
0.308305740356445;28.153;139;0.9609348;0.01383231;2
0.309172034263611;28.26;141;0.9638134;0.009827057;2
0.309943974018097;28.353;143;0.9636949;0.01196274;2
0.310812532901764;28.46;144;0.9615571;0.01380568;2
0.311583906412125;28.553;146;0.9582749;0.01543361;2
0.312515437602997;28.66;148;0.9537963;0.01407751;2
0.313287049531937;28.753;149;0.9447945;0.01665927;2
0.314219415187836;28.86;151;0.9311179;0.01524946;2
0.315054029226303;28.953;152;0.9165419;0.01855048;2
0.31598487496376;29.06;154;0.905608;0.01429492;2
0.316852062940598;29.153;156;0.893904;0.02409281;2
0.317815572023392;29.26;157;0.8854791;0.01128145;2
0.318682819604874;29.353;159;0.869238;0.01665192;2
0.319678574800491;29.46;161;0.8529793;0.01975726;2
0.320545732975006;29.553;162;0.8451627;0.02056148;2
0.321541249752045;29.66;163;0.8423038;0.01823826;2
0.322408467531204;29.753;165;0.8443112;0.01736514;2
0.323404103517532;29.86;167;0.8534893;0.0236872;2
0.324303388595581;29.953;168;0.8613683;0.02709422;2
0.325331121683121;30.06;170;0.8693047;0.02534075;2
0.326230317354202;30.153;170;0.8780304;0.02603038;2
0.327290147542953;30.26;172;0.8894494;0.02741157;2
0.328189045190811;30.353;172;0.9011697;0.029087;2
0.329248487949371;30.46;173;0.9146625;0.02839626;2
0.330213129520416;30.553;174;0.9176455;0.02900909;2
0.331305861473084;30.66;176;0.9113605;0.03609217;2
0.332269787788391;30.753;177;0.8920807;0.03205241;2
0.33339536190033;30.86;178;0.8591652;0.03447861;2
0.334360003471375;30.953;178;0.8354875;0.03398965;2
0.335450530052185;31.06;176;0.8109438;0.03403196;2
0.33631631731987;31.153;170;0.801463;0.02399729;2
0.337279140949249;31.26;163;0.7856957;0.02247717;2
0.338081330060959;31.353;156;0.7726764;0.02306028;2
0.33898138999939;31.46;150;0.7584134;0.02069703;2
0.339687913656235;31.553;146;0.7431513;0.01954732;2
0.340522706508636;31.66;140;0.7272506;0.01890013;2
0.341229170560837;31.753;134;0.7079465;0.01819989;2
0.341999679803848;31.86;128;0.6836752;0.02027479;2
0.342641830444336;31.953;122;0.6592581;0.02118364;2
0.343348264694214;32.06;117;0.6313975;0.02082558;2
0.343926697969437;32.153;114;0.6035879;0.02031932;2
0.344569385051727;32.26;109;0.5652797;0.01998401;2
0.345115572214127;32.353;104;0.5357905;0.02094608;2
0.345725744962692;32.46;99;0.4957742;0.02243713;2
0.3462073802948;32.553;94;0.4522588;0.02567442;2
0.346752941608429;32.66;90;0.3935716;0.02783572;2
0.347202152013779;32.753;87;0.3372733;0.02942764;2
0.347716182470322;32.86;85;0.2648097;0.03064648;2
0.348134130239487;32.953;84;0.2018306;0.0311554;2
0.348873406648636;33.115;81;0.08807624;0.03371812;2
0.349387645721436;33.228;80;0.01180384;0.0347155;2
0.349516153335571;33.258;79;-0.005694039;0.03463251;2
0.349997967481613;33.368;78;-0.08207128;0.03530928;2
0.350383430719376;33.458;77;-0.1519274;0.03914802;2
0.350864619016647;33.568;77;-0.2232016;0.03892819;2
0.35124945640564;33.658;77;-0.2877969;0.03941521;2
0.351763099431992;33.768;77;-0.3656886;0.04111128;2
0.352148681879044;33.86;76;-0.4280776;0.03869701;2
0.352630615234375;33.968;76;-0.4971145;0.03953128;2
0.353048324584961;34.058;76;-0.5704789;0.0416928;2
0.353530257940292;34.168;77;-0.6541744;0.04177806;2
0.353947907686234;34.26;77;-0.7169311;0.04356286;2
0.354429841041565;34.368;78;-0.797511;0.04615569;2
0.354847133159637;34.46;79;-0.8523546;0.04688311;2
0.355360478162766;34.568;80;-0.8999848;0.04620335;2
0.355809807777405;34.66;82;-0.9433754;0.05041545;2
0.356355637311935;34.768;83;-0.9963688;0.05330162;2
0.356805294752121;34.86;85;-1.035414;0.05553461;2
0.357383728027344;34.968;87;-1.086526;0.0539175;2
0.357865750789642;35.06;88;-1.135196;0.05264779;2
0.358411997556686;35.168;90;-1.186932;0.05451229;2
0.358925849199295;35.26;92;-1.22908;0.0532267;2
0.359535694122314;35.368;94;-1.282606;0.05519694;2
0.360049366950989;35.46;97;-1.330564;0.05815571;2
0.360659420490265;35.568;99;-1.388433;0.05855027;2
0.361173093318939;35.66;100;-1.433307;0.05701551;2
0.361783057451248;35.768;101;-1.478873;0.05310138;2
0.362329095602036;35.86;103;-1.527802;0.05023032;2
0.362971484661102;35.968;105;-1.574213;0.04864641;2
0.36351752281189;36.058;107;-1.589243;0.05114355;2
0.364192098379135;36.168;110;-1.589766;0.04915583;2
0.364802539348602;36.26;112;-1.598727;0.05000439;2
0.365509241819382;36.368;115;-1.62206;0.05048453;2
0.366119623184204;36.46;116;-1.643195;0.04963799;2
0.366730153560638;36.553;116;-1.659407;0.04380651;2
0.36746945977211;36.66;119;-1.690905;0.04602686;2
0.368112355470657;36.753;121;-1.709594;0.04329771;2
0.368883579969406;36.86;123;-1.736632;0.04576093;2
0.369525372982025;36.953;124;-1.756341;0.04302569;2
0.37032750248909;37.06;127;-1.773666;0.04428836;2
0.371001332998276;37.153;128;-1.785656;0.04350184;2
0.371803849935532;37.26;131;-1.795023;0.04453863;2
0.372509926557541;37.353;133;-1.79975;0.0440842;2
0.373376369476318;37.46;135;-1.802643;0.0461366;2
0.37411442399025;37.553;136;-1.803563;0.04602282;2
0.374982386827469;37.66;139;-1.802026;0.04570982;2
0.375754296779633;37.753;140;-1.800141;0.04424481;2
0.376653969287872;37.86;142;-1.798072;0.0441224;2
0.377424776554108;37.953;144;-1.796619;0.04219679;2
0.37835681438446;38.06;146;-1.794449;0.04393727;2
0.379127949476242;38.153;147;-1.792629;0.04627059;2
0.380058974027634;38.26;148;-1.788725;0.04616875;2
0.380861729383469;38.353;150;-1.781021;0.04313297;2
0.381793111562729;38.46;150;-1.768684;0.04181457;2
0.382628172636032;38.553;152;-1.75911;0.04364488;2
0.383559554815292;38.66;154;-1.754203;0.04417109;2
0.384394556283951;38.753;155;-1.75143;0.04439958;2
0.385390162467957;38.86;157;-1.747482;0.04237435;2
0.386224359273911;38.953;159;-1.746268;0.04001314;2
0.38721975684166;39.06;160;-1.749115;0.03788642;2
0.388087689876556;39.153;161;-1.753041;0.03495056;2
0.389084130525589;39.26;163;-1.757379;0.0367231;2
0.389952272176743;39.353;164;-1.761315;0.03550775;2
0.390980243682861;39.46;166;-1.763639;0.03470247;2
0.391879111528397;39.553;167;-1.764232;0.03692843;2
0.392907798290253;39.66;169;-1.763739;0.03380445;2
0.393773883581162;39.753;170;-1.765523;0.0373161;2
0.394801944494247;39.86;171;-1.767195;0.03484328;2
0.395699828863144;39.953;172;-1.768944;0.03150623;2
0.396757632493973;40.06;174;-1.770421;0.0310891;2
0.397691041231155;40.153;175;-1.772041;0.03004125;2
0.398751139640808;40.26;176;-1.773741;0.03317994;2
0.399714529514313;40.353;177;-1.773367;0.0320589;2
0.400806605815887;40.46;178;-1.771989;0.03022669;2
0.401770085096359;40.553;180;-1.77091;0.03519046;2
0.402862042188644;40.66;181;-1.769952;0.03287114;2
0.403825491666794;40.753;181;-1.768654;0.03154946;2
0.404949426651001;40.86;182;-1.766803;0.03511431;2
0.407069355249405;41.06;184;-1.756759;0.0425176;2
0.407229959964752;41.075;184;-1.755858;0.04251081;2
0.408032894134521;41.153;185;-1.749344;0.04406076;2
0.409189075231552;41.26;186;-1.742265;0.04980058;2
0.410184651613235;41.353;187;-1.735766;0.05411186;2
0.411340922117233;41.46;188;-1.729146;0.05791299;2
0.412529319524765;41.568;189;-1.720966;0.06114717;2
0.413524985313416;41.66;190;-1.714422;0.06518921;2
0.414713323116302;41.768;191;-1.707302;0.06730294;2
0.415741056203842;41.86;192;-1.701048;0.06931702;2
0.416800916194916;41.955;193;-1.695213;0.06907494;2
0.41798934340477;42.063;194;-1.690814;0.07191335;2
0.418984949588776;42.153;195;-1.688701;0.0694166;2
0.420237392187119;42.263;196;-1.684308;0.06927601;2
0.421233028173447;42.353;196;-1.677179;0.0674831;2
0.42248547077179;42.463;198;-1.663139;0.06815619;2
0.423513442277908;42.553;198;-1.64989;0.06822831;2
0.424830108880997;42.668;199;-1.636349;0.06843147;2
0.425922006368637;42.76;200;-1.625067;0.06954251;2
0.427174538373947;42.868;201;-1.610828;0.06805179;2
0.428266644477844;42.96;202;-1.59953;0.06633208;2
0.429551661014557;43.068;202;-1.584652;0.06166809;2
0.430611699819565;43.158;203;-1.568311;0.06442089;2
0.431896150112152;43.268;204;-1.555089;0.06212132;2
0.432987987995148;43.36;204;-1.543073;0.06005717;2
0.434240281581879;43.468;205;-1.530354;0.06111364;2
0.435300141572952;43.558;206;-1.522505;0.06009419;2
0.43661704659462;43.668;207;-1.509772;0.05963508;2
0.437677055597305;43.758;207;-1.500722;0.05827782;2
0.438993871212006;43.868;208;-1.488021;0.05621279;2
0.440053701400757;43.958;209;-1.479682;0.04847397;2
0.441402584314346;44.068;210;-1.466944;0.04432011;2
0.442462474107742;44.158;210;-1.457438;0.03548277;2
0.443812549114227;44.268;211;-1.444712;0.02821101;2
0.444903612136841;44.358;212;-1.438874;0.02310739;2
0.446217626333237;44.468;212;-1.435953;0.01347253;2
0.447308272123337;44.558;212;-1.43168;0.01186163;2
0.448624044656754;44.665;213;-1.425918;0.003474401;2
0.44971889257431;44.758;214;-1.417083;0.002363991;2
0.451070517301559;44.868;215;-1.409227;-0.00586082;2
0.452131181955338;44.958;216;-1.400937;-0.001679741;2
0.453451901674271;45.065;217;-1.399397;-0.005239924;2
0.454606473445892;45.158;217;-1.399147;-0.002753838;2
0.455953568220139;45.268;218;-1.399268;-0.005621651;2
0.457075715065002;45.358;218;-1.402146;-0.004263849;2
0.458392769098282;45.465;213;-1.409015;-0.01429118;2
0.459452718496323;45.558;206;-1.418602;-0.01651361;2
0.460673004388809;45.668;199;-1.422561;-0.02012438;2
0.461668461561203;45.76;195;-1.423196;-0.0175034;2
0.462760627269745;45.865;185;-1.423501;-0.02048759;2
0.463691979646683;45.958;181;-1.432353;-0.02007388;2
0.464751869440079;46.065;174;-1.449728;-0.01994367;2
0.465619087219238;46.16;167;-1.465921;-0.01910943;2
0.466582596302032;46.265;161;-1.482441;-0.01850555;2
0.46738538146019;46.358;154;-1.495036;-0.02046677;2
0.468316853046417;46.468;148;-1.514005;-0.01834525;2
0.469055712223053;46.56;145;-1.535395;-0.0165159;2
0.469858855009079;46.665;139;-1.561958;-0.01578341;2
0.470597684383392;46.758;137;-1.605245;-0.01340625;2
0.471464544534683;46.868;136;-1.662978;-0.01056598;2
0.472171068191528;46.96;134;-1.710921;-0.01232141;2
0.472974002361298;47.065;132;-1.760746;-0.01527444;2
0.473648428916931;47.158;131;-1.806538;-0.01628077;2
0.474483489990234;47.268;130;-1.857538;-0.01661703;2
0.475157767534256;47.358;129;-1.897888;-0.01336157;2
0.475960403680801;47.465;129;-1.945224;-0.007950154;2
0.476635634899139;47.558;129;-1.989396;0.004156683;2
0.477504044771194;47.668;130;-2.024453;-0.008563993;2
0.478209257125854;47.758;131;-2.071567;-0.008188235;2
0.479072123765945;47.865;132;-2.114557;-0.01082515;2
0.479813069105148;47.958;133;-2.156535;-0.009402127;2
0.480681091547012;48.068;134;-2.197162;-0.0115384;2
0.481388360261917;48.158;136;-2.229654;-0.01379434;2
0.482288986444473;48.268;136;-2.264683;-0.02145319;2
0.482996970415115;48.358;137;-2.293567;-0.02433099;2
0.483894765377045;48.468;138;-2.342646;-0.01412863;2
0.484632939100266;48.558;140;-2.357404;-0.02419233;2
0.485499739646912;48.665;141;-2.388115;-0.02212294;2
0.486270099878311;48.758;143;-2.419537;-0.01995334;2
0.487168580293655;48.868;145;-2.460046;-0.01803008;2
0.487907946109772;48.958;147;-2.485281;-0.02088961;2
0.488807380199432;49.065;148;-2.521668;-0.02252246;2
0.489610284566879;49.158;149;-2.552193;-0.01959618;2
0.490541726350784;49.265;151;-2.578053;-0.02109209;2
0.491376876831055;49.36;153;-2.605616;-0.02393657;2
0.492307603359222;49.465;155;-2.631975;-0.02555578;2
0.493143022060394;49.558;157;-2.65607;-0.03186187;2
0.494107007980347;49.668;158;-2.6937;-0.02978685;2
0.494942218065262;49.758;160;-2.71324;-0.03426007;2
0.49593797326088;49.865;162;-2.749885;-0.02739949;2
0.496805280447006;49.958;162;-2.761851;-0.03710023;2
0.49780085682869;50.065;164;-2.788206;-0.03715433;2
0.498699903488159;50.16;166;-2.820968;-0.03401795;2
0.499727934598923;50.268;167;-2.846745;-0.03355504;2
0.500595271587372;50.358;169;-2.872947;-0.03579994;2
0.501654744148254;50.468;170;-2.909092;-0.02908431;2
0.502553641796112;50.558;171;-2.926324;-0.03507266;2
0.50361293554306;50.665;172;-2.958529;-0.03356755;2
0.504576742649078;50.758;174;-2.981753;-0.03654794;2
0.505700886249542;50.868;175;-3.009304;-0.04030981;2
0.506632566452026;50.958;177;-3.032645;-0.04351017;2
0.507757008075714;51.068;178;-3.063543;-0.04664883;2
0.508688390254974;51.158;179;-3.085852;-0.04695614;2
0.509844422340393;51.268;180;-3.105268;-0.05625793;2
0.510807871818542;51.36;180;-3.126982;-0.05630017;2
0.511899828910828;51.465;182;3.129256;-0.05640939;2
0.512895226478577;51.558;183;3.112866;-0.05920751;2
0.51401960849762;51.665;185;3.097681;-0.06396125;2
0.515015304088593;51.76;186;3.084493;-0.06689163;2
0.516139507293701;51.865;188;3.069068;-0.06734402;2
0.51710307598114;51.958;189;3.056704;-0.07134707;2
0.518291354179382;52.068;190;3.043007;-0.08314924;2
0.51931893825531;52.16;192;3.0288;-0.0817156;2
0.520507156848907;52.268;193;3.014897;-0.085491;2
0.52150285243988;52.358;195;2.999439;-0.0823801;2
0.522723317146301;52.468;196;2.987746;-0.09129329;2
0.523783326148987;52.56;198;2.969165;-0.08839206;2
0.524971961975098;52.665;198;2.948275;-0.08708639;2
0.526063561439514;52.758;200;2.929726;-0.08801159;2
0.527316212654114;52.868;201;2.908349;-0.08650394;2
0.528408050537109;52.96;202;2.893717;-0.08042346;2
0.529628455638886;53.065;204;2.878702;-0.07516132;2
0.530720293521881;53.158;205;2.865003;-0.07470683;2
0.532036185264587;53.268;206;2.852198;-0.07094876;2
0.533125936985016;53.36;207;2.844696;-0.07203593;2
0.53437876701355;53.465;208;2.840203;-0.06773373;2
0.53547078371048;53.558;209;2.841057;-0.06543238;2
0.536790490150452;53.668;210;2.844263;-0.06270327;2
0.537916243076324;53.76;212;2.848644;-0.05925649;2
0.539235472679138;53.868;213;2.858334;-0.05756262;2
0.540360808372498;53.96;213;2.867808;-0.05581631;2
0.541674673557281;54.068;214;2.874012;-0.0501565;2
0.542829394340515;54.16;215;2.876339;-0.04624519;2
0.544145226478577;54.268;216;2.884403;-0.04385779;2
0.545301616191864;54.36;217;2.893972;-0.04800517;2
0.546650767326355;54.468;218;2.911715;-0.0476786;2
0.547807157039642;54.56;218;2.928456;-0.04134864;2
0.549155473709106;54.668;217;2.940907;-0.05004814;2
0.550215721130371;54.76;210;2.955621;-0.05394731;2
0.551469385623932;54.868;205;2.970497;-0.06203957;2
0.552496016025543;54.96;201;3.018534;-0.05856399;2
0.55371481180191;55.068;199;3.076206;-0.05770942;2
0.554743945598602;55.16;197;3.120592;-0.05608588;2
0.55596786737442;55.268;196;-3.117797;-0.05647831;2
0.556989252567291;55.36;195;-3.087029;-0.05633556;2
0.558178722858429;55.468;194;-3.059093;-0.05629552;2
0.559207737445831;55.56;192;-3.042449;-0.05467836;2
0.56039571762085;55.668;191;-3.033266;-0.05573676;2
0.561421751976013;55.76;190;-3.018349;-0.05738155;2
0.562579572200775;55.868;188;-2.979659;-0.04497486;2
0.563576638698578;55.96;188;-2.944133;-0.03963155;2
0.564734518527985;56.068;186;-2.892673;-0.02363645;2
0.565698325634003;56.16;185;-2.854724;-0.02627433;2
0.56685346364975;56.268;183;-2.809087;-0.02607414;2
0.567784368991852;56.36;181;-2.767874;-0.02095873;2
0.568875730037689;56.468;176;-2.740706;-0.02473741;2
0.569742679595947;56.56;173;-2.719364;-0.02591702;2
0.570738554000854;56.668;166;-2.693625;-0.02276981;2
0.571541547775269;56.76;160;-2.686279;-0.02178384;2
0.57244074344635;56.868;153;-2.668957;-0.02000124;2
0.573211431503296;56.96;147;-2.648137;-0.01753995;2
0.574046313762665;57.068;140;-2.622532;-0.01169811;2
0.574720799922943;57.16;133;-2.606173;-0.007369394;2
0.575491845607758;57.268;127;-2.602917;-0.01073418;2
0.576134324073792;57.36;123;-2.598874;-0.006409346;2
0.576809227466583;57.468;117;-2.588638;-0.003439639;2
0.577388167381287;57.56;111;-2.562861;0.0001430898;2
0.577998101711273;57.668;106;-2.521662;0.0007505352;2
0.5785111784935;57.76;101;-2.470461;0.004677909;2
0.579121351242065;57.868;98;-2.40813;0.006187461;2
0.579635381698608;57.96;96;-2.346767;0.008770079;2
0.580213785171509;58.068;96;-2.274798;0.01219294;2
0.580695748329163;58.16;95;-2.222588;0.01558416;2
0.581305146217346;58.268;96;-2.1612;0.01508026;2
0.581818461418152;58.36;97;-2.11855;0.01694785;2
0.582428514957428;58.468;98;-2.056079;0.02516397;2
0.582974314689636;58.56;99;-2.000442;0.02954529;2
0.583616316318512;58.668;100;-1.944614;0.03368083;2
0.584194540977478;58.76;101;-1.879399;0.04492963;2
0.584837079048157;58.868;101;-1.797084;0.07010929;2
0.585382401943207;58.96;103;-1.764601;0.06862937;2
0.586056530475616;59.068;104;-1.724247;0.07081558;2
0.586603105068207;59.16;106;-1.688376;0.07917187;2
0.587278008460999;59.268;107;-1.659364;0.07052772;2
0.58782422542572;59.36;108;-1.609257;0.06504569;2
0.58849823474884;59.468;110;-1.554161;0.06547572;2
0.589108228683472;59.56;111;-1.491966;0.06863564;2
0.589782953262329;59.668;112;-1.43091;0.07104561;2
0.59036123752594;59.76;113;-1.377336;0.07577718;2
0.591068148612976;59.868;114;-1.331261;0.0810997;2
0.59167891740799;59.96;115;-1.297446;0.08973599;2
0.592418193817139;60.068;117;-1.288881;0.08367875;2
0.593028843402863;60.16;119;-1.288029;0.08423227;2
0.593798339366913;60.268;120;-1.291579;0.0893245;2
0.594440579414368;60.36;122;-1.288163;0.09143575;2
0.595211923122406;60.468;124;-1.287346;0.09823497;2
0.595887005329132;60.56;126;-1.304397;0.1006147;2
0.59669029712677;60.668;128;-1.319903;0.1098498;2
0.597396433353424;60.76;129;-1.32899;0.1106303;2
0.598197817802429;60.868;131;-1.348949;0.1112408;2
0.598936021327972;60.96;132;-1.357275;0.08810572;2
0.599739372730255;61.068;134;-1.386291;0.08317598;2
0.600478708744049;61.16;136;-1.422797;0.09111328;2
0.601346492767334;61.268;137;-1.436919;0.08686259;2
0.602084457874298;61.36;138;-1.445867;0.08373932;2
0.602951407432556;61.468;140;-1.460399;0.0814958;2
0.603722155094147;61.56;142;-1.475982;0.08737139;2
0.604621410369873;61.668;143;-1.484786;0.07427123;2
0.605392098426819;61.76;145;-1.499228;0.07674792;2
0.60629141330719;61.868;147;-1.508798;0.07226851;2
0.607062339782715;61.96;148;-1.518587;0.07053499;2
0.607993841171265;62.068;149;-1.530374;0.06475509;2
0.608796834945679;62.16;150;-1.541168;0.06432438;2
0.609728336334229;62.268;151;-1.55445;0.06407382;2
0.610531210899353;62.36;153;-1.563078;0.0609981;2
0.611494660377502;62.468;155;-1.574114;0.05756477;2
0.612329602241516;62.56;156;-1.585048;0.05606364;2
0.613293170928955;62.668;158;-1.595765;0.05684644;2
0.614160239696503;62.76;159;-1.605552;0.05423948;2
0.615155875682831;62.868;160;-1.616501;0.04834235;2
0.616023123264313;62.96;162;-1.627164;0.05288436;2
0.617018818855286;63.068;163;-1.635006;0.04444629;2
0.617918074131012;63.16;165;-1.645019;0.04336973;2
0.61891371011734;63.268;166;-1.652983;0.04191789;2
0.619813024997711;63.36;168;-1.655764;0.03919701;2
0.620840668678284;63.468;169;-1.654712;0.03465755;2
0.6217400431633;63.56;170;-1.65207;0.03432086;2
0.622799813747406;63.668;172;-1.64835;0.03333919;2
0.623731195926666;63.76;173;-1.647295;0.02842437;2
0.624791264533997;63.868;174;-1.647836;0.02979083;2
0.625722706317902;63.96;176;-1.648385;0.02759263;2
0.626814723014832;64.068;177;-1.649325;0.02766848;2
0.627778172492981;64.16;178;-1.650034;0.02837048;2
0.628870129585266;64.268;178;-1.653052;0.03110506;2
0.629833459854126;64.36;179;-1.655763;0.03240146;2
0.630957543849945;64.468;180;-1.657878;0.03028993;2
0.631921291351318;64.56;181;-1.658052;0.02547291;2
0.633077502250671;64.668;183;-1.65625;0.03016942;2
0.634040951728821;64.76;183;-1.655452;0.02616965;2
0.635197162628174;64.868;185;-1.652855;0.02959355;2
0.636192798614502;64.96;186;-1.652399;0.03247567;2
0.637349009513855;65.068;187;-1.650797;0.02715484;2
0.638344764709473;65.16;188;-1.649534;0.02820268;2
0.639533221721649;65.268;189;-1.647959;0.02957163;2
0.640529036521912;65.36;190;-1.646511;0.03483049;2
0.641715466976166;65.468;191;-1.643479;0.02844579;2
0.642708957195282;65.56;192;-1.639813;0.03551751;2
0.643928825855255;65.668;193;-1.63525;0.02898744;2
0.644957959651947;65.76;194;-1.631052;0.03231158;2
0.646147847175598;65.868;195;-1.625687;0.02882777;2
0.647208690643311;65.96;197;-1.620116;0.02963538;2
0.648397624492645;66.068;198;-1.61338;0.0328696;2
0.649459302425385;66.16;198;-1.610036;0.03306957;2
0.650677859783173;66.268;199;-1.606572;0.03275884;2
0.651769816875458;66.36;200;-1.604812;0.03225688;2
0.652990162372589;66.468;201;-1.604796;0.03122528;2
0.654082119464874;66.56;202;-1.606464;0.03296453;2
0.65533447265625;66.668;203;-1.608776;0.02452653;2
0.656426668167114;66.76;204;-1.608826;0.02647419;2
0.657679080963135;66.868;205;-1.608847;0.01642491;2
0.658771097660065;66.96;206;-1.613161;0.02007595;2
0.660055816173553;67.068;207;-1.619332;0.02002372;2
0.661147713661194;67.16;208;-1.624505;0.01620675;2
0.662431180477142;67.268;209;-1.630006;0.01437101;2
0.663555383682251;67.36;209;-1.633458;0.01143372;2
0.66484123468399;67.468;210;-1.634328;0.005599349;2
0.66596657037735;67.56;211;-1.63217;0.008466515;2
0.667284905910492;67.668;212;-1.62826;0.01036839;2
0.668378591537476;67.76;208;-1.627644;0.004299373;2
0.669566512107849;67.868;200;-1.629422;-0.001851709;2
0.670528292655945;67.958;193;-1.628912;-0.003022445;2
0.671682059764862;68.068;186;-1.626564;-0.005167923;2
0.672613143920898;68.16;183;-1.622392;-0.006404588;2
0.673673331737518;68.268;175;-1.61598;-0.004977247;2
0.674508452415466;68.36;168;-1.610592;-0.003628757;2
0.675472140312195;68.468;161;-1.606745;-0.005358015;2
0.676275193691254;68.56;154;-1.600088;-0.004194533;2
0.677174627780914;68.668;148;-1.593979;-0.005083373;2
0.677913367748261;68.76;141;-1.586438;-0.002641019;2
0.678716123104095;68.868;138;-1.581717;-0.004263335;2
0.67939019203186;68.96;132;-1.575062;-0.004483677;2
0.680128216743469;69.068;125;-1.561912;-0.002639739;2
0.680737912654877;69.16;119;-1.545479;-0.001550931;2
0.681411802768707;69.268;113;-1.517045;-0.0002091182;2
0.681988954544067;69.36;109;-1.489139;-0.003351942;2
0.682598888874054;69.468;105;-1.446207;0.0005548019;2
0.683145999908447;69.56;103;-1.398976;0.003280527;2
0.683757722377777;69.668;102;-1.340128;0.009747765;2
0.684305250644684;69.76;101;-1.28933;0.006061829;2
0.684916436672211;69.868;100;-1.22863;0.01089618;2
0.685430824756622;69.96;99;-1.179206;0.01489389;2
0.686010360717773;70.068;97;-1.124234;0.01312903;2
0.686525642871857;70.16;97;-1.065077;0.01906896;2
0.687133610248566;70.268;95;-1.005112;0.02443534;2
0.687645792961121;70.36;94;-0.9557301;0.02630295;2
0.688255608081818;70.468;94;-0.9072405;0.01346219;2
0.688769161701202;70.56;94;-0.8559285;0.01378018;2
0.689379096031189;70.668;94;-0.8194512;0.00831158;2
0.689860045909882;70.76;93;-0.8256962;-0.00147179;2
0.690404534339905;70.868;93;-0.866886;-0.006822637;2
0.6908860206604;70.96;92;-0.9183825;-0.009179843;2
0.691465139389038;71.068;91;-0.9923235;-0.01320228;2
0.69194769859314;71.16;90;-1.054192;-0.01672673;2
0.692494451999664;71.268;89;-1.133891;-0.01627132;2
0.693008244037628;71.36;88;-1.189842;-0.01287478;2
0.693617641925812;71.468;89;-1.259241;0.002303626;2
0.694099545478821;71.56;89;-1.28755;-0.008137674;2
0.694678127765656;71.668;90;-1.333734;-0.01173597;2
0.695191919803619;71.76;91;-1.378788;-0.006653486;2
0.695769906044006;71.868;92;-1.410268;-0.01231196;2
0.696283102035522;71.96;94;-1.452167;-0.01708059;2
0.696860492229462;72.068;94;-1.508906;-0.01977081;2
0.697342336177826;72.16;93;-1.549282;-0.02410158;2
0.697920620441437;72.268;95;-1.624958;-0.01877666;2
0.69843465089798;72.36;95;-1.679325;-0.02129813;2
0.69904500246048;72.468;97;-1.747691;-0.01624228;2
0.699558734893799;72.56;99;-1.791778;-0.02298384;2
0.70016884803772;72.668;100;-1.844663;-0.02608066;2
0.700714886188507;72.76;101;-1.893073;-0.02619761;2
0.701325118541718;72.868;101;-1.955784;-0.02539835;2
0.70187109708786;72.96;102;-2.002362;-0.01605009;2
0.702513158321381;73.068;103;-2.037874;-0.02602213;2
0.703091144561768;73.16;105;-2.070108;-0.02279271;2
0.703734040260315;73.268;106;-2.08459;-0.02207593;2
0.704312324523926;73.36;109;-2.067219;-0.02115953;2
0.705018877983093;73.468;110;-2.032714;-0.02188704;2
0.705597162246704;73.56;113;-2.004734;-0.01618084;2
0.706303536891937;73.668;115;-1.996308;-0.02038496;2
0.70694500207901;73.76;117;-1.995159;-0.02326902;2
0.707683980464935;73.868;120;-1.99346;-0.01837505;2
0.708326816558838;73.96;122;-1.995059;-0.01931191;2
0.709098041057587;74.068;125;-1.995161;-0.02162797;2
0.709773778915405;74.16;126;-1.994311;-0.02069974;2
0.710576355457306;74.268;128;-1.995297;-0.02515313;2
0.711281180381775;74.36;131;-1.999947;-0.02065007;2
0.712115705013275;74.468;133;-2.008338;-0.02171346;2
0.71282285451889;74.56;135;-2.016685;-0.01604784;2
0.71369081735611;74.668;138;-2.024829;-0.0133863;2
0.714429974555969;74.76;140;-2.032264;-0.01593031;2
0.715297043323517;74.868;142;-2.038223;-0.016687;2
0.716067731380463;74.96;143;-2.043289;-0.01754935;2
0.716966867446899;75.068;145;-2.047971;-0.01364759;2
0.717769622802734;75.16;147;-2.053119;-0.01177392;2
0.718668818473816;75.268;147;-2.058672;-0.01491537;2
0.71947193145752;75.36;149;-2.064702;-0.01201723;2
0.720403134822845;75.468;151;-2.069453;-0.01489756;2
0.72120612859726;75.56;152;-2.073691;-0.01240842;2
0.722169697284698;75.668;154;-2.076844;-0.01550051;2
0.723004817962646;75.76;156;-2.079044;-0.01358639;2
0.724000453948975;75.868;158;-2.078428;-0.01745722;2
0.724835455417633;75.96;160;-2.07709;-0.01428276;2
0.725831091403961;76.068;162;-2.076496;-0.01080761;2
0.726698279380798;76.16;164;-2.07669;-0.01296099;2
0.727726221084595;76.268;164;-2.077495;-0.01567313;2
0.728625297546387;76.36;166;-2.079586;-0.01207482;2
0.729653120040894;76.468;168;-2.083824;-0.01554932;2
0.73055237531662;76.56;169;-2.09075;-0.01470765;2
0.731644332408905;76.668;171;-2.102052;-0.01524536;2
0.732543647289276;76.76;173;-2.110497;-0.01778124;2
0.733635544776917;76.868;174;-2.121215;-0.0201832;2
0.734566926956177;76.96;175;-2.130738;-0.01682124;2
0.735658943653107;77.068;176;-2.140808;-0.01324694;2
0.736590266227722;77.16;177;-2.147599;-0.0177769;2
0.737682342529297;77.268;178;-2.156273;-0.01573714;2
0.738645970821381;77.36;179;-2.164857;-0.01582987;2
0.739737927913666;77.468;181;-2.175082;-0.01864449;2
0.74070143699646;77.56;182;-2.183584;-0.02052536;2
0.741825461387634;77.668;184;-2.192255;-0.02065217;2
0.742821097373962;77.76;184;-2.196781;-0.02045333;2
0.743977248668671;77.868;186;-2.201428;-0.01971172;2
0.744972944259644;77.96;187;-2.206033;-0.02434575;2
0.746129155158997;78.068;189;-2.211698;-0.02338254;2
0.747124850749969;78.16;189;-2.216139;-0.02370773;2
0.748313128948212;78.268;191;-2.223382;-0.0252083;2
0.749340951442719;78.36;192;-2.228901;-0.02233279;2
0.750529170036316;78.468;193;-2.235249;-0.02205166;2
0.751556932926178;78.56;194;-2.238216;-0.0203217;2
0.752777218818665;78.668;196;-2.240559;-0.02214482;2
0.753837108612061;78.76;197;-2.24315;-0.02152711;2
0.755057752132416;78.868;198;-2.247857;-0.02337847;2
0.756117761135101;78.96;199;-2.257372;-0.02457441;2
0.757338345050812;79.068;200;-2.270796;-0.0221011;2
0.758430361747742;79.16;201;-2.27742;-0.01799793;2
0.759682655334473;79.268;203;-2.282697;-0.02156692;2
0.760742366313934;79.36;204;-2.29231;-0.01807018;2
0.761995136737823;79.468;205;-2.30164;-0.01642399;2
0.763087093830109;79.56;205;-2.308835;-0.01823332;2
0.764371812343597;79.668;206;-2.318586;-0.01347458;2
0.765463769435883;79.76;207;-2.325293;-0.01597388;2
0.76674884557724;79.868;208;-2.334203;-0.01635275;2
0.767871737480164;79.96;210;-2.340613;-0.01521793;2
0.769153773784637;80.068;210;-2.348517;-0.01835714;2
0.770277142524719;80.16;211;-2.356937;-0.01852762;2
0.77159708738327;80.268;212;-2.366197;-0.02005813;2
0.772688746452332;80.358;213;-2.37407;-0.02122694;2
0.774039208889008;80.468;214;-2.383563;-0.02067451;2
0.775164008140564;80.56;215;-2.389707;-0.02118848;2
0.776512742042542;80.668;216;-2.395982;-0.0235241;2
0.777604281902313;80.758;216;-2.401513;-0.02859348;2
0.77898508310318;80.868;217;-2.408476;-0.03459311;2
0.780141294002533;80.96;217;-2.415361;-0.03460683;2
0.7814901471138;81.068;218;-2.414886;-0.03341956;2
0.782645046710968;81.16;219;-2.411604;-0.03299848;2
0.783994853496552;81.268;220;-2.409459;-0.03446203;2
0.785183787345886;81.36;221;-2.409142;-0.03554198;2
0.786533534526825;81.468;222;-2.408761;-0.04057402;2
0.787691593170166;81.558;222;-2.407854;-0.04409188;2
0.789102792739868;81.668;223;-2.403425;-0.04593119;2
0.790291547775269;81.76;224;-2.395914;-0.04505818;2
0.791704773902893;81.868;225;-2.385196;-0.04845013;2
0.792858779430389;81.958;226;-2.374096;-0.0489292;2
0.79430478811264;82.068;227;-2.360317;-0.051839;2
0.795493364334106;82.16;228;-2.349891;-0.0527147;2
0.796906471252441;82.268;229;-2.337522;-0.05426581;2
0.798094868659973;82.358;229;-2.326438;-0.05627136;2
0.799540102481842;82.468;230;-2.312828;-0.05804201;2
0.800760507583618;82.56;231;-2.296155;-0.05838497;2
0.802205801010132;82.668;232;-2.282737;-0.06622607;2
0.803426265716553;82.76;233;-2.265686;-0.07145809;2
0.804871499538422;82.868;234;-2.234033;-0.06526618;2
0.806124150753021;82.96;234;-2.217373;-0.06983367;2
0.80756938457489;83.068;235;-2.191692;-0.07166275;2
0.808757781982422;83.158;236;-2.165112;-0.07040375;2
0.810267329216003;83.268;236;-2.136636;-0.07058906;2
0.811519861221313;83.36;237;-2.109489;-0.06793544;2
0.812965214252472;83.468;237;-2.079792;-0.06790145;2
0.814249992370605;83.56;238;-2.057749;-0.07061337;2
0.815727353096008;83.668;239;-2.02842;-0.06981809;2
0.817012012004852;83.76;239;-2.010734;-0.0720975;2
0.818521618843079;83.868;240;-1.987555;-0.06696694;2
0.8197420835495;83.958;237;-1.98191;-0.06730852;2
0.821187198162079;84.068;231;-1.99126;-0.07783183;2
0.822343289852142;84.16;223;-1.997697;-0.08023685;2
0.823660016059875;84.268;216;-2.002748;-0.08209565;2
0.82475221157074;84.36;212;-2.007963;-0.08277805;2
0.825972735881805;84.468;205;-2.013119;-0.08072098;2
0.826968491077423;84.56;198;-2.016443;-0.08071214;2
0.828092634677887;84.668;191;-2.019754;-0.08235064;2
0.829023897647858;84.76;184;-2.021288;-0.08255154;2
0.830115795135498;84.868;177;-2.019646;-0.08190985;2
0.830982863903046;84.96;170;-2.018625;-0.08207399;2
0.832010626792908;85.068;167;-2.01794;-0.08031873;2
0.832813620567322;85.16;160;-2.020346;-0.07983585;2
0.833744943141937;85.268;153;-2.021136;-0.08067873;2
0.834515810012817;85.36;147;-2.019555;-0.08079021;2
0.835350871086121;85.468;140;-2.017333;-0.0792437;2
0.836057305335999;85.56;134;-2.016744;-0.07676665;2
0.836860179901123;85.668;128;-2.017998;-0.0763532;2
0.837470591068268;85.76;125;-2.023334;-0.07676415;2
0.838177263736725;85.865;118;-2.03815;-0.07468295;2
0.838723301887512;85.958;112;-2.059825;-0.07079346;2
0.839365661144257;86.068;107;-2.089429;-0.07024384;2
0.83987945318222;86.16;102;-2.117394;-0.06910878;2
0.840457260608673;86.268;97;-2.155328;-0.06928565;2
0.840906858444214;86.36;95;-2.192717;-0.071398;2
0.841452956199646;86.468;92;-2.24319;-0.06958955;2
0.841935038566589;86.56;91;-2.296442;-0.06855916;2
0.842513680458069;86.668;91;-2.360331;-0.06624179;2
0.842995643615723;86.76;90;-2.414911;-0.0635642;2
0.843541622161865;86.868;89;-2.482607;-0.06147672;2
0.843991339206696;86.96;89;-2.535865;-0.06103863;2
0.844537615776062;87.068;89;-2.601208;-0.05992264;2
0.845019340515137;87.16;89;-2.648839;-0.06086836;2
0.84559690952301;87.268;90;-2.714906;-0.05489562;2
0.846110463142395;87.36;90;-2.771046;-0.05407581;2
0.846720397472382;87.468;92;-2.825757;-0.06495348;2
0.847234070301056;87.56;93;-2.884696;-0.06188964;2
0.847844004631042;87.668;94;-2.961405;-0.05338859;2
0.848357975482941;87.76;94;-3.020817;-0.04492325;2
0.848968267440796;87.868;96;-3.071102;-0.04741431;2
0.849514186382294;87.958;97;-3.127491;-0.03628229;2
0.850156247615814;88.068;98;3.107264;-0.02752421;2
0.850701808929443;88.16;101;3.074014;-0.02606803;2
0.851376116275787;88.268;103;3.034909;-0.02385513;2
0.851954400539398;88.36;104;3.005006;-0.02307504;2
0.852628290653229;88.468;108;2.955405;-0.01828645;2
0.853206276893616;88.56;109;2.923959;-0.01902758;2
0.853913903236389;88.668;111;2.896486;-0.01792246;2
0.854525029659271;88.76;114;2.879681;-0.02139485;2
0.855136275291443;88.853;115;2.85938;-0.0217168;2
0.855876326560974;88.96;117;2.831484;-0.01536025;2
0.85651695728302;89.053;120;2.815178;-0.0147669;2
0.857252538204193;89.16;122;2.800298;-0.01347197;2
0.857928514480591;89.253;124;2.785566;-0.01630777;2
0.858732283115387;89.36;127;2.763544;-0.0134443;2
0.859407365322113;89.453;129;2.746521;-0.01395679;2
0.860211908817291;89.56;129;2.723381;-0.007120725;2
0.860886991024017;89.653;128;2.707844;-0.01330807;2
0.861655831336975;89.76;128;2.684249;-0.01398603;2
0.862326800823212;89.853;127;2.652857;-0.01693707;2
0.863066792488098;89.96;126;2.616456;-0.01913781;2
0.863742172718048;90.053;125;2.571417;-0.01477649;2
0.864481806755066;90.16;124;2.517036;-0.01034331;2
0.865125179290771;90.253;123;2.47746;-0.01183799;2
0.865862846374512;90.36;122;2.429645;-0.0179355;2
0.866471707820892;90.453;122;2.386487;-0.01748921;2
0.867210805416107;90.56;121;2.331296;-0.01564933;2
0.86785352230072;90.653;120;2.293871;-0.01910678;2
0.868560433387756;90.76;118;2.242156;-0.01940521;2
0.86920291185379;90.853;117;2.194064;-0.01894969;2
0.869941353797913;90.96;117;2.134083;-0.01601783;2
0.870551228523254;91.053;116;2.095239;-0.01864973;2
0.871257781982422;91.16;115;2.028403;-0.008436045;2
0.871900141239166;91.253;114;1.985965;-0.01099003;2
0.872606754302979;91.36;113;1.933664;-0.0128883;2
0.873216867446899;91.453;112;1.884231;-0.01265072;2
0.873891234397888;91.56;111;1.827899;-0.01213574;2
0.874501287937164;91.653;110;1.78695;-0.01599766;2
0.875175774097443;91.76;109;1.732404;-0.01785718;2
0.875753879547119;91.853;108;1.683215;-0.009950092;2
0.876428425312042;91.96;108;1.629927;-0.004655935;2
0.877006590366364;92.053;109;1.590645;-0.008083149;2
0.877713203430176;92.16;111;1.533242;-0.002372291;2
0.878323435783386;92.253;113;1.494149;-0.002668219;2
0.879062235355377;92.36;114;1.450371;-0.002657266;2
0.879672527313232;92.453;116;1.419193;-0.004747363;2
0.880411386489868;92.56;119;1.390654;-0.008885512;2
0.881053805351257;92.653;121;1.376399;-0.009362838;2
0.881824612617493;92.76;123;1.358203;-0.009815569;2
0.882498681545258;92.853;126;1.334414;-0.01329532;2
0.883301556110382;92.96;128;1.300843;-0.006980049;2
0.88397616147995;93.053;129;1.28117;-0.007354129;2
0.88477897644043;93.16;131;1.262832;-0.007806358;2
0.885517716407776;93.253;134;1.247272;-0.01031821;2
0.886353373527527;93.36;136;1.224846;-0.007567002;2
0.887092649936676;93.453;138;1.208636;-0.008330324;2
0.887958645820618;93.56;140;1.188356;-0.006435751;2
0.88869571685791;93.653;141;1.171481;-0.006039012;2
0.889594256877899;93.76;143;1.153481;-0.001880681;2
0.890364170074463;93.853;145;1.146208;-0.00126439;2
0.891294121742249;93.96;147;1.137681;-0.007392428;2
0.892065763473511;94.053;149;1.131159;-0.008544588;2
0.893000423908234;94.16;150;1.126211;-0.009668006;2
0.893804609775543;94.253;150;1.126129;-0.008123907;2
0.894735932350159;94.36;152;1.131392;-0.007945888;2
0.895572662353516;94.453;154;1.137475;-0.006495581;2
0.896539330482483;94.56;156;1.147135;0.001415081;2
0.897373914718628;94.653;158;1.15215;0.007362104;2
0.898367404937744;94.76;159;1.157238;0.001002959;2
0.899232685565948;94.853;161;1.161342;-0.0004830249;2
0.900259435176849;94.96;163;1.167132;-0.001068267;2
0.901128470897675;95.053;164;1.170928;-0.001221002;2
0.902154982089996;95.16;165;1.176067;0.002451237;2
0.903052926063538;95.253;167;1.17772;0.0007576994;2
0.904111742973328;95.36;169;1.179484;0.002106751;2
0.905009925365448;95.453;170;1.181398;-9.746244E-05;2
0.906071066856384;95.56;172;1.183203;0.003719095;2
0.907002806663513;95.653;173;1.182611;0.006478857;2
0.908094823360443;95.76;175;1.180712;0.00275013;2
0.909027218818665;95.853;175;1.177384;0.002291162;2
0.910120368003845;95.96;177;1.171931;0.002986533;2
0.911084234714508;96.053;178;1.166925;0.005330741;2
0.912175595760345;96.16;179;1.162041;0.005034839;2
0.913138806819916;96.253;181;1.159452;0.003755217;2
0.914262712001801;96.36;181;1.161074;0.008886825;2
0.915226101875305;96.453;182;1.163832;0.002849905;2
0.916350126266479;96.56;183;1.166219;0.002342547;2
0.917313635349274;96.653;184;1.167931;0.005987122;2
0.918437719345093;96.76;186;1.169668;0.007810713;2
0.91943347454071;96.853;187;1.171345;0.008470187;2
0.920589745044708;96.96;188;1.174727;0.00651728;2
0.921585440635681;97.053;189;1.179755;0.004272684;2
0.922741711139679;97.16;190;1.192429;0.0018875;2
0.923769533634186;97.253;191;1.203649;0.006854051;2
0.924957871437073;97.36;192;1.208795;0.003186705;2
0.925985455513;97.453;194;1.216374;0.005457745;2
0.927205979824066;97.56;195;1.225348;0.003346414;2
0.928233742713928;97.653;196;1.231101;0.002266635;2
0.929454147815704;97.76;197;1.232114;0.004139256;2
0.9305140376091;97.853;198;1.228816;0.001273289;2
0.9317666888237;97.96;199;1.221786;0.003377777;2
0.932858526706696;98.053;200;1.219033;0.003659603;2
0.93414318561554;98.16;201;1.220848;0.002081204;2
0.935235023498535;98.253;202;1.232138;0.002679632;2
0.936519861221313;98.36;203;1.253561;0.003251608;2
0.937612056732178;98.453;204;1.271997;0.004469662;2
0.938896596431732;98.56;205;1.293962;0.005084444;2
0.940020382404327;98.653;206;1.313738;0.003900076;2
0.941304802894592;98.76;207;1.335346;0.004596853;2
0.942396402359009;98.853;208;1.347733;0.007543426;2
0.943650364875793;98.96;208;1.356342;0.005444317;2
0.944741785526276;99.053;209;1.366024;0.005025198;2
0.946025729179382;99.16;210;1.377342;0.002663826;2
0.94711709022522;99.253;211;1.387131;0.006598021;2
0.948400795459747;99.36;212;1.393249;0.003243369;2
0.94952654838562;99.453;211;1.39968;0.004365068;2
0.950805723667145;99.56;212;1.407642;0.004718574;2
0.951930701732636;99.653;213;1.41411;0.007164077;2
0.953249931335449;99.76;214;1.420885;0.003626245;2
0.954408049583435;99.853;214;1.431223;0.008862331;2
0.955758988857269;99.96;215;1.44057;0.006613403;2
0.956884264945984;100.053;216;1.44795;0.009888764;2
0.958232760429382;100.16;217;1.45518;0.00673059;2
0.959421336650848;100.253;218;1.463295;0.006525799;2
0.960740327835083;100.36;218;1.473076;0.005649106;2
0.961925566196442;100.453;219;1.480778;0.006674626;2
0.963275253772736;100.56;220;1.487768;0.007114958;2
0.964462161064148;100.653;220;1.493484;0.006287911;2
0.965810537338257;100.76;221;1.500612;0.007125346;2
0.967000365257263;100.853;222;1.505946;0.004976591;2
0.968348801136017;100.96;223;1.514066;0.004375475;2
0.969536662101746;101.053;223;1.521299;0.006130131;2
0.970885396003723;101.16;224;1.526307;0.006604623;2
0.972073554992676;101.253;225;1.529395;0.005344925;2
0.973454058170319;101.36;225;1.534379;0.007940099;2
0.974675059318542;101.453;226;1.538184;0.00833078;2
0.976056635379791;101.56;227;1.542705;0.003540193;2
0.977276861667633;101.653;227;1.546802;0.005612755;2
0.978659152984619;101.76;228;1.550977;0.007454071;2
0.97987949848175;101.853;229;1.555009;0.004714407;2
0.981323897838593;101.96;230;1.559891;0.007853054;2
0.982576072216034;102.053;230;1.562383;0.007206765;2
0.984053373336792;102.16;231;1.566864;0.005696075;2
0.985306024551392;102.253;232;1.570234;0.006346755;2
0.986751437187195;102.36;232;1.57424;0.007532183;2
0.988004267215729;102.453;233;1.5777;0.0070084;2
0.989449441432953;102.56;233;1.582353;0.00580177;2
0.990701735019684;102.653;234;1.587975;0.005770313;2
0.992148637771606;102.76;235;1.594675;0.01017778;2
0.993401050567627;102.853;235;1.599874;0.007137443;2
0.994844615459442;102.96;236;1.606781;0.005381383;2
0.996097683906555;103.053;236;1.611191;0.005646666;2
0.997575581073761;103.16;237;1.612672;0.007015188;2
0.998827636241913;103.253;238;1.614484;0.006044858;2
0;103.36;238;1.617108;0.004519486;2
0.00126826111227274;103.453;239;1.61932;0.003741646;2
0.00274507119320333;103.56;239;1.623724;0.006384902;2